1.00 0.10
1.00 0.10
1.00 0.10
1.00 0.10
1.00 0.10
1.00 0.10
1.00 0.10
1.00 0.10
1.00 0.10
1.00 0.10
1.01 10.88
1.01 10.88
1.01 10.88
1.01 10.88
1.01 10.88
1.01 10.88
1.01 10.88
1.01 10.88
1.01 10.88
1.01 10.88
1.02 21.53
1.02 21.53
1.02 21.53
1.02 21.53
1.02 21.53
1.02 21.53
1.02 21.53
1.02 21.53
1.02 21.53
1.02 21.53
1.03 31.95
1.03 31.95
1.03 31.95
1.03 31.95
1.03 31.95
1.03 31.95
1.03 31.95
1.03 31.95
1.03 31.95
1.03 31.95
1.04 42.15
1.04 42.15
1.04 42.15
1.04 42.15
1.04 42.15
1.04 42.15
1.04 42.15
1.04 42.15
1.04 42.15
1.04 42.15
1.05 52.13
1.05 52.13
1.05 52.13
1.05 52.13
1.05 52.13
1.05 52.13
1.05 52.13
1.05 52.13
1.05 52.13
1.05 52.13
1.07 61.91
1.07 61.91
1.07 61.91
1.07 61.91
1.07 61.91
1.07 61.91
1.07 61.91
1.07 61.91
1.07 61.91
1.07 61.91
1.08 71.49
1.08 71.49
1.08 71.49
1.08 71.49
1.08 71.49
1.08 71.49
1.08 71.49
1.08 71.49
1.08 71.49
1.08 71.49
1.09 80.88
1.09 80.88
1.09 80.88
1.09 80.88
1.09 80.88
1.09 80.88
1.09 80.88
1.09 80.88
1.09 80.88
1.09 80.88
1.10 90.08
1.10 90.08
1.10 90.08
1.10 90.08
1.10 90.08
1.10 90.08
1.10 90.08
1.10 90.08
1.10 90.08
1.10 90.08
1.11 99.10
1.11 99.10
1.11 99.10
1.11 99.10
1.11 99.10
1.11 99.10
1.11 99.10
1.11 99.10
1.11 99.10
1.11 99.10
1.12 107.94
1.12 107.94
1.12 107.94
1.12 107.94
1.12 107.94
1.12 107.94
1.12 107.94
1.12 107.94
1.12 107.94
1.12 107.94
1.13 116.61
1.13 116.61
1.13 116.61
1.13 116.61
1.13 116.61
1.13 116.61
1.13 116.61
1.13 116.61
1.13 116.61
1.13 116.61
1.14 125.11
1.14 125.11
1.14 125.11
1.14 125.11
1.14 125.11
1.14 125.11
1.14 125.11
1.14 125.11
1.14 125.11
1.14 125.11
1.15 133.45
1.15 133.45
1.15 133.45
1.15 133.45
1.15 133.45
1.15 133.45
1.15 133.45
1.15 133.45
1.15 133.45
1.15 133.45
1.16 141.63
1.16 141.63
1.16 141.63
1.16 141.63
1.16 141.63
1.16 141.63
1.16 141.63
1.16 141.63
1.16 141.63
1.16 141.63
1.18 149.66
1.18 149.66
1.18 149.66
1.18 149.66
1.18 149.66
1.18 149.66
1.18 149.66
1.18 149.66
1.18 149.66
1.18 149.66
1.19 157.54
1.19 157.54
1.19 157.54
1.19 157.54
1.19 157.54
1.19 157.54
1.19 157.54
1.19 157.54
1.19 157.54
1.19 157.54
1.20 165.28
1.20 165.28
1.20 165.28
1.20 165.28
1.20 165.28
1.20 165.28
1.20 165.28
1.20 165.28
1.20 165.28
1.20 165.28
1.21 172.87
1.21 172.87
1.21 172.87
1.21 172.87
1.21 172.87
1.21 172.87
1.21 172.87
1.21 172.87
1.21 172.87
1.21 172.87
1.22 180.33
1.22 180.33
1.22 180.33
1.22 180.33
1.22 180.33
1.22 180.33
1.22 180.33
1.22 180.33
1.22 180.33
1.22 180.33
1.23 187.65
1.23 187.65
1.23 187.65
1.23 187.65
1.23 187.65
1.23 187.65
1.23 187.65
1.23 187.65
1.23 187.65
1.23 187.65
1.24 194.85
1.24 194.85
1.24 194.85
1.24 194.85
1.24 194.85
1.24 194.85
1.24 194.85
1.24 194.85
1.24 194.85
1.24 194.85
1.25 201.92
1.25 201.92
1.25 201.92
1.25 201.92
1.25 201.92
1.25 201.92
1.25 201.92
1.25 201.92
1.25 201.92
1.25 201.92
1.26 208.86
1.26 208.86
1.26 208.86
1.26 208.86
1.26 208.86
1.26 208.86
1.26 208.86
1.26 208.86
1.26 208.86
1.26 208.86
1.27 215.69
1.27 215.69
1.27 215.69
1.27 215.69
1.27 215.69
1.27 215.69
1.27 215.69
1.27 215.69
1.27 215.69
1.27 215.69
1.29 222.40
1.29 222.40
1.29 222.40
1.29 222.40
1.29 222.40
1.29 222.40
1.29 222.40
1.29 222.40
1.29 222.40
1.29 222.40
1.30 228.99
1.30 228.99
1.30 228.99
1.30 228.99
1.30 228.99
1.30 228.99
1.30 228.99
1.30 228.99
1.30 228.99
1.30 228.99
1.31 235.47
1.31 235.47
1.31 235.47
1.31 235.47
1.31 235.47
1.31 235.47
1.31 235.47
1.31 235.47
1.31 235.47
1.31 235.47
1.32 241.85
1.32 241.85
1.32 241.85
1.32 241.85
1.32 241.85
1.32 241.85
1.32 241.85
1.32 241.85
1.32 241.85
1.32 241.85
1.33 248.12
1.33 248.12
1.33 248.12
1.33 248.12
1.33 248.12
1.33 248.12
1.33 248.12
1.33 248.12
1.33 248.12
1.33 248.12
1.34 254.29
1.34 254.29
1.34 254.29
1.34 254.29
1.34 254.29
1.34 254.29
1.34 254.29
1.34 254.29
1.34 254.29
1.34 254.29
1.35 260.36
1.35 260.36
1.35 260.36
1.35 260.36
1.35 260.36
1.35 260.36
1.35 260.36
1.35 260.36
1.35 260.36
1.35 260.36
1.36 266.32
1.36 266.32
1.36 266.32
1.36 266.32
1.36 266.32
1.36 266.32
1.36 266.32
1.36 266.32
1.36 266.32
1.36 266.32
1.37 272.20
1.37 272.20
1.37 272.20
1.37 272.20
1.37 272.20
1.37 272.20
1.37 272.20
1.37 272.20
1.37 272.20
1.37 272.20
1.38 277.98
1.38 277.98
1.38 277.98
1.38 277.98
1.38 277.98
1.38 277.98
1.38 277.98
1.38 277.98
1.38 277.98
1.38 277.98
1.40 283.67
1.40 283.67
1.40 283.67
1.40 283.67
1.40 283.67
1.40 283.67
1.40 283.67
1.40 283.67
1.40 283.67
1.40 283.67
1.41 289.27
1.41 289.27
1.41 289.27
1.41 289.27
1.41 289.27
1.41 289.27
1.41 289.27
1.41 289.27
1.41 289.27
1.41 289.27
1.42 294.78
1.42 294.78
1.42 294.78
1.42 294.78
1.42 294.78
1.42 294.78
1.42 294.78
1.42 294.78
1.42 294.78
1.42 294.78
1.43 300.21
1.43 300.21
1.43 300.21
1.43 300.21
1.43 300.21
1.43 300.21
1.43 300.21
1.43 300.21
1.43 300.21
1.43 300.21
1.44 305.56
1.44 305.56
1.44 305.56
1.44 305.56
1.44 305.56
1.44 305.56
1.44 305.56
1.44 305.56
1.44 305.56
1.44 305.56
1.45 310.82
1.45 310.82
1.45 310.82
1.45 310.82
1.45 310.82
1.45 310.82
1.45 310.82
1.45 310.82
1.45 310.82
1.45 310.82
1.46 316.01
1.46 316.01
1.46 316.01
1.46 316.01
1.46 316.01
1.46 316.01
1.46 316.01
1.46 316.01
1.46 316.01
1.46 316.01
1.47 321.11
1.47 321.11
1.47 321.11
1.47 321.11
1.47 321.11
1.47 321.11
1.47 321.11
1.47 321.11
1.47 321.11
1.47 321.11
1.48 326.15
1.48 326.15
1.48 326.15
1.48 326.15
1.48 326.15
1.48 326.15
1.48 326.15
1.48 326.15
1.48 326.15
1.48 326.15
1.49 331.10
1.49 331.10
1.49 331.10
1.49 331.10
1.49 331.10
1.49 331.10
1.49 331.10
1.49 331.10
1.49 331.10
1.49 331.10
1.51 335.99
1.51 335.99
1.51 335.99
1.51 335.99
1.51 335.99
1.51 335.99
1.51 335.99
1.51 335.99
1.51 335.99
1.51 335.99
1.52 340.80
1.52 340.80
1.52 340.80
1.52 340.80
1.52 340.80
1.52 340.80
1.52 340.80
1.52 340.80
1.52 340.80
1.52 340.80
1.53 345.55
1.53 345.55
1.53 345.55
1.53 345.55
1.53 345.55
1.53 345.55
1.53 345.55
1.53 345.55
1.53 345.55
1.53 345.55
1.54 350.23
1.54 350.23
1.54 350.23
1.54 350.23
1.54 350.23
1.54 350.23
1.54 350.23
1.54 350.23
1.54 350.23
1.54 350.23
1.55 354.84
1.55 354.84
1.55 354.84
1.55 354.84
1.55 354.84
1.55 354.84
1.55 354.84
1.55 354.84
1.55 354.84
1.55 354.84
1.56 359.39
1.56 359.39
1.56 359.39
1.56 359.39
1.56 359.39
1.56 359.39
1.56 359.39
1.56 359.39
1.56 359.39
1.56 359.39
1.57 363.87
1.57 363.87
1.57 363.87
1.57 363.87
1.57 363.87
1.57 363.87
1.57 363.87
1.57 363.87
1.57 363.87
1.57 363.87
1.58 368.29
1.58 368.29
1.58 368.29
1.58 368.29
1.58 368.29
1.58 368.29
1.58 368.29
1.58 368.29
1.58 368.29
1.58 368.29
1.59 372.65
1.59 372.65
1.59 372.65
1.59 372.65
1.59 372.65
1.59 372.65
1.59 372.65
1.59 372.65
1.59 372.65
1.59 372.65
1.60 376.95
1.60 376.95
1.60 376.95
1.60 376.95
1.60 376.95
1.60 376.95
1.60 376.95
1.60 376.95
1.60 376.95
1.60 376.95
1.62 381.19
1.62 381.19
1.62 381.19
1.62 381.19
1.62 381.19
1.62 381.19
1.62 381.19
1.62 381.19
1.62 381.19
1.62 381.19
1.63 385.37
1.63 385.37
1.63 385.37
1.63 385.37
1.63 385.37
1.63 385.37
1.63 385.37
1.63 385.37
1.63 385.37
1.63 385.37
1.64 389.50
1.64 389.50
1.64 389.50
1.64 389.50
1.64 389.50
1.64 389.50
1.64 389.50
1.64 389.50
1.64 389.50
1.64 389.50
1.65 393.57
1.65 393.57
1.65 393.57
1.65 393.57
1.65 393.57
1.65 393.57
1.65 393.57
1.65 393.57
1.65 393.57
1.65 393.57
1.66 397.59
1.66 397.59
1.66 397.59
1.66 397.59
1.66 397.59
1.66 397.59
1.66 397.59
1.66 397.59
1.66 397.59
1.66 397.59
1.67 401.56
1.67 401.56
1.67 401.56
1.67 401.56
1.67 401.56
1.67 401.56
1.67 401.56
1.67 401.56
1.67 401.56
1.67 401.56
1.68 405.47
1.68 405.47
1.68 405.47
1.68 405.47
1.68 405.47
1.68 405.47
1.68 405.47
1.68 405.47
1.68 405.47
1.68 405.47
1.69 409.33
1.69 409.33
1.69 409.33
1.69 409.33
1.69 409.33
1.69 409.33
1.69 409.33
1.69 409.33
1.69 409.33
1.69 409.33
1.70 413.15
1.70 413.15
1.70 413.15
1.70 413.15
1.70 413.15
1.70 413.15
1.70 413.15
1.70 413.15
1.70 413.15
1.70 413.15
1.71 416.91
1.71 416.91
1.71 416.91
1.71 416.91
1.71 416.91
1.71 416.91
1.71 416.91
1.71 416.91
1.71 416.91
1.71 416.91
1.73 420.63
1.73 420.63
1.73 420.63
1.73 420.63
1.73 420.63
1.73 420.63
1.73 420.63
1.73 420.63
1.73 420.63
1.73 420.63
1.74 424.29
1.74 424.29
1.74 424.29
1.74 424.29
1.74 424.29
1.74 424.29
1.74 424.29
1.74 424.29
1.74 424.29
1.74 424.29
1.75 427.92
1.75 427.92
1.75 427.92
1.75 427.92
1.75 427.92
1.75 427.92
1.75 427.92
1.75 427.92
1.75 427.92
1.75 427.92
1.76 431.50
1.76 431.50
1.76 431.50
1.76 431.50
1.76 431.50
1.76 431.50
1.76 431.50
1.76 431.50
1.76 431.50
1.76 431.50
1.77 435.03
1.77 435.03
1.77 435.03
1.77 435.03
1.77 435.03
1.77 435.03
1.77 435.03
1.77 435.03
1.77 435.03
1.77 435.03
1.78 438.52
1.78 438.52
1.78 438.52
1.78 438.52
1.78 438.52
1.78 438.52
1.78 438.52
1.78 438.52
1.78 438.52
1.78 438.52
1.79 441.96
1.79 441.96
1.79 441.96
1.79 441.96
1.79 441.96
1.79 441.96
1.79 441.96
1.79 441.96
1.79 441.96
1.79 441.96
1.80 445.37
1.80 445.37
1.80 445.37
1.80 445.37
1.80 445.37
1.80 445.37
1.80 445.37
1.80 445.37
1.80 445.37
1.80 445.37
1.81 448.73
1.81 448.73
1.81 448.73
1.81 448.73
1.81 448.73
1.81 448.73
1.81 448.73
1.81 448.73
1.81 448.73
1.81 448.73
1.82 452.05
1.82 452.05
1.82 452.05
1.82 452.05
1.82 452.05
1.82 452.05
1.82 452.05
1.82 452.05
1.82 452.05
1.82 452.05
1.84 455.34
1.84 455.34
1.84 455.34
1.84 455.34
1.84 455.34
1.84 455.34
1.84 455.34
1.84 455.34
1.84 455.34
1.84 455.34
1.85 458.58
1.85 458.58
1.85 458.58
1.85 458.58
1.85 458.58
1.85 458.58
1.85 458.58
1.85 458.58
1.85 458.58
1.85 458.58
1.86 461.79
1.86 461.79
1.86 461.79
1.86 461.79
1.86 461.79
1.86 461.79
1.86 461.79
1.86 461.79
1.86 461.79
1.86 461.79
1.87 464.95
1.87 464.95
1.87 464.95
1.87 464.95
1.87 464.95
1.87 464.95
1.87 464.95
1.87 464.95
1.87 464.95
1.87 464.95
1.88 468.09
1.88 468.09
1.88 468.09
1.88 468.09
1.88 468.09
1.88 468.09
1.88 468.09
1.88 468.09
1.88 468.09
1.88 468.09
1.89 471.18
1.89 471.18
1.89 471.18
1.89 471.18
1.89 471.18
1.89 471.18
1.89 471.18
1.89 471.18
1.89 471.18
1.89 471.18
1.90 474.24
1.90 474.24
1.90 474.24
1.90 474.24
1.90 474.24
1.90 474.24
1.90 474.24
1.90 474.24
1.90 474.24
1.90 474.24
1.91 477.26
1.91 477.26
1.91 477.26
1.91 477.26
1.91 477.26
1.91 477.26
1.91 477.26
1.91 477.26
1.91 477.26
1.91 477.26
1.92 480.25
1.92 480.25
1.92 480.25
1.92 480.25
1.92 480.25
1.92 480.25
1.92 480.25
1.92 480.25
1.92 480.25
1.92 480.25
1.93 483.20
1.93 483.20
1.93 483.20
1.93 483.20
1.93 483.20
1.93 483.20
1.93 483.20
1.93 483.20
1.93 483.20
1.93 483.20
1.95 486.13
1.95 486.13
1.95 486.13
1.95 486.13
1.95 486.13
1.95 486.13
1.95 486.13
1.95 486.13
1.95 486.13
1.95 486.13
1.96 489.01
1.96 489.01
1.96 489.01
1.96 489.01
1.96 489.01
1.96 489.01
1.96 489.01
1.96 489.01
1.96 489.01
1.96 489.01
1.97 491.87
1.97 491.87
1.97 491.87
1.97 491.87
1.97 491.87
1.97 491.87
1.97 491.87
1.97 491.87
1.97 491.87
1.97 491.87
1.98 494.69
1.98 494.69
1.98 494.69
1.98 494.69
1.98 494.69
1.98 494.69
1.98 494.69
1.98 494.69
1.98 494.69
1.98 494.69
1.99 497.49
1.99 497.49
1.99 497.49
1.99 497.49
1.99 497.49
1.99 497.49
1.99 497.49
1.99 497.49
1.99 497.49
1.99 497.49
2.00 500.25
2.00 500.25
2.00 500.25
2.00 500.25
2.00 500.25
2.00 500.25
2.00 500.25
2.00 500.25
2.00 500.25
2.00 500.25
2.01 502.98
2.01 502.98
2.01 502.98
2.01 502.98
2.01 502.98
2.01 502.98
2.01 502.98
2.01 502.98
2.01 502.98
2.01 502.98
2.02 505.68
2.02 505.68
2.02 505.68
2.02 505.68
2.02 505.68
2.02 505.68
2.02 505.68
2.02 505.68
2.02 505.68
2.02 505.68
2.03 508.36
2.03 508.36
2.03 508.36
2.03 508.36
2.03 508.36
2.03 508.36
2.03 508.36
2.03 508.36
2.03 508.36
2.03 508.36
2.04 511.00
2.04 511.00
2.04 511.00
2.04 511.00
2.04 511.00
2.04 511.00
2.04 511.00
2.04 511.00
2.04 511.00
2.04 511.00
2.06 513.62
2.06 513.62
2.06 513.62
2.06 513.62
2.06 513.62
2.06 513.62
2.06 513.62
2.06 513.62
2.06 513.62
2.06 513.62
2.07 516.21
2.07 516.21
2.07 516.21
2.07 516.21
2.07 516.21
2.07 516.21
2.07 516.21
2.07 516.21
2.07 516.21
2.07 516.21
2.08 518.77
2.08 518.77
2.08 518.77
2.08 518.77
2.08 518.77
2.08 518.77
2.08 518.77
2.08 518.77
2.08 518.77
2.08 518.77
2.09 521.30
2.09 521.30
2.09 521.30
2.09 521.30
2.09 521.30
2.09 521.30
2.09 521.30
2.09 521.30
2.09 521.30
2.09 521.30
2.10 523.81
2.10 523.81
2.10 523.81
2.10 523.81
2.10 523.81
2.10 523.81
2.10 523.81
2.10 523.81
2.10 523.81
2.10 523.81
2.11 526.29
2.11 526.29
2.11 526.29
2.11 526.29
2.11 526.29
2.11 526.29
2.11 526.29
2.11 526.29
2.11 526.29
2.11 526.29
2.12 528.75
2.12 528.75
2.12 528.75
2.12 528.75
2.12 528.75
2.12 528.75
2.12 528.75
2.12 528.75
2.12 528.75
2.12 528.75
2.13 531.18
2.13 531.18
2.13 531.18
2.13 531.18
2.13 531.18
2.13 531.18
2.13 531.18
2.13 531.18
2.13 531.18
2.13 531.18
2.14 533.58
2.14 533.58
2.14 533.58
2.14 533.58
2.14 533.58
2.14 533.58
2.14 533.58
2.14 533.58
2.14 533.58
2.14 533.58
2.15 535.96
2.15 535.96
2.15 535.96
2.15 535.96
2.15 535.96
2.15 535.96
2.15 535.96
2.15 535.96
2.15 535.96
2.15 535.96
2.17 538.32
2.17 538.32
2.17 538.32
2.17 538.32
2.17 538.32
2.17 538.32
2.17 538.32
2.17 538.32
2.17 538.32
2.17 538.32
2.18 540.65
2.18 540.65
2.18 540.65
2.18 540.65
2.18 540.65
2.18 540.65
2.18 540.65
2.18 540.65
2.18 540.65
2.18 540.65
2.19 542.96
2.19 542.96
2.19 542.96
2.19 542.96
2.19 542.96
2.19 542.96
2.19 542.96
2.19 542.96
2.19 542.96
2.19 542.96
2.20 545.25
2.20 545.25
2.20 545.25
2.20 545.25
2.20 545.25
2.20 545.25
2.20 545.25
2.20 545.25
2.20 545.25
2.20 545.25
2.21 547.51
2.21 547.51
2.21 547.51
2.21 547.51
2.21 547.51
2.21 547.51
2.21 547.51
2.21 547.51
2.21 547.51
2.21 547.51
2.22 549.75
2.22 549.75
2.22 549.75
2.22 549.75
2.22 549.75
2.22 549.75
2.22 549.75
2.22 549.75
2.22 549.75
2.22 549.75
2.23 551.97
2.23 551.97
2.23 551.97
2.23 551.97
2.23 551.97
2.23 551.97
2.23 551.97
2.23 551.97
2.23 551.97
2.23 551.97
2.24 554.17
2.24 554.17
2.24 554.17
2.24 554.17
2.24 554.17
2.24 554.17
2.24 554.17
2.24 554.17
2.24 554.17
2.24 554.17
2.25 556.34
2.25 556.34
2.25 556.34
2.25 556.34
2.25 556.34
2.25 556.34
2.25 556.34
2.25 556.34
2.25 556.34
2.25 556.34
2.26 558.50
2.26 558.50
2.26 558.50
2.26 558.50
2.26 558.50
2.26 558.50
2.26 558.50
2.26 558.50
2.26 558.50
2.26 558.50
2.28 560.63
2.28 560.63
2.28 560.63
2.28 560.63
2.28 560.63
2.28 560.63
2.28 560.63
2.28 560.63
2.28 560.63
2.28 560.63
2.29 562.75
2.29 562.75
2.29 562.75
2.29 562.75
2.29 562.75
2.29 562.75
2.29 562.75
2.29 562.75
2.29 562.75
2.29 562.75
2.30 564.84
2.30 564.84
2.30 564.84
2.30 564.84
2.30 564.84
2.30 564.84
2.30 564.84
2.30 564.84
2.30 564.84
2.30 564.84
2.31 566.91
2.31 566.91
2.31 566.91
2.31 566.91
2.31 566.91
2.31 566.91
2.31 566.91
2.31 566.91
2.31 566.91
2.31 566.91
2.32 568.97
2.32 568.97
2.32 568.97
2.32 568.97
2.32 568.97
2.32 568.97
2.32 568.97
2.32 568.97
2.32 568.97
2.32 568.97
2.33 571.00
2.33 571.00
2.33 571.00
2.33 571.00
2.33 571.00
2.33 571.00
2.33 571.00
2.33 571.00
2.33 571.00
2.33 571.00
2.34 573.01
2.34 573.01
2.34 573.01
2.34 573.01
2.34 573.01
2.34 573.01
2.34 573.01
2.34 573.01
2.34 573.01
2.34 573.01
2.35 575.01
2.35 575.01
2.35 575.01
2.35 575.01
2.35 575.01
2.35 575.01
2.35 575.01
2.35 575.01
2.35 575.01
2.35 575.01
2.36 576.99
2.36 576.99
2.36 576.99
2.36 576.99
2.36 576.99
2.36 576.99
2.36 576.99
2.36 576.99
2.36 576.99
2.36 576.99
2.37 578.95
2.37 578.95
2.37 578.95
2.37 578.95
2.37 578.95
2.37 578.95
2.37 578.95
2.37 578.95
2.37 578.95
2.37 578.95
2.39 580.89
2.39 580.89
2.39 580.89
2.39 580.89
2.39 580.89
2.39 580.89
2.39 580.89
2.39 580.89
2.39 580.89
2.39 580.89
2.40 582.81
2.40 582.81
2.40 582.81
2.40 582.81
2.40 582.81
2.40 582.81
2.40 582.81
2.40 582.81
2.40 582.81
2.40 582.81
2.41 584.72
2.41 584.72
2.41 584.72
2.41 584.72
2.41 584.72
2.41 584.72
2.41 584.72
2.41 584.72
2.41 584.72
2.41 584.72
2.42 586.61
2.42 586.61
2.42 586.61
2.42 586.61
2.42 586.61
2.42 586.61
2.42 586.61
2.42 586.61
2.42 586.61
2.42 586.61
2.43 588.48
2.43 588.48
2.43 588.48
2.43 588.48
2.43 588.48
2.43 588.48
2.43 588.48
2.43 588.48
2.43 588.48
2.43 588.48
2.44 590.33
2.44 590.33
2.44 590.33
2.44 590.33
2.44 590.33
2.44 590.33
2.44 590.33
2.44 590.33
2.44 590.33
2.44 590.33
2.45 592.17
2.45 592.17
2.45 592.17
2.45 592.17
2.45 592.17
2.45 592.17
2.45 592.17
2.45 592.17
2.45 592.17
2.45 592.17
2.46 593.99
2.46 593.99
2.46 593.99
2.46 593.99
2.46 593.99
2.46 593.99
2.46 593.99
2.46 593.99
2.46 593.99
2.46 593.99
2.47 595.80
2.47 595.80
2.47 595.80
2.47 595.80
2.47 595.80
2.47 595.80
2.47 595.80
2.47 595.80
2.47 595.80
2.47 595.80
2.48 597.59
2.48 597.59
2.48 597.59
2.48 597.59
2.48 597.59
2.48 597.59
2.48 597.59
2.48 597.59
2.48 597.59
2.48 597.59
2.50 599.36
2.50 599.36
2.50 599.36
2.50 599.36
2.50 599.36
2.50 599.36
2.50 599.36
2.50 599.36
2.50 599.36
2.50 599.36
2.51 601.12
2.51 601.12
2.51 601.12
2.51 601.12
2.51 601.12
2.51 601.12
2.51 601.12
2.51 601.12
2.51 601.12
2.51 601.12
2.52 602.86
2.52 602.86
2.52 602.86
2.52 602.86
2.52 602.86
2.52 602.86
2.52 602.86
2.52 602.86
2.52 602.86
2.52 602.86
2.53 604.59
2.53 604.59
2.53 604.59
2.53 604.59
2.53 604.59
2.53 604.59
2.53 604.59
2.53 604.59
2.53 604.59
2.53 604.59
2.54 606.30
2.54 606.30
2.54 606.30
2.54 606.30
2.54 606.30
2.54 606.30
2.54 606.30
2.54 606.30
2.54 606.30
2.54 606.30
2.55 608.00
2.55 608.00
2.55 608.00
2.55 608.00
2.55 608.00
2.55 608.00
2.55 608.00
2.55 608.00
2.55 608.00
2.55 608.00
2.56 609.68
2.56 609.68
2.56 609.68
2.56 609.68
2.56 609.68
2.56 609.68
2.56 609.68
2.56 609.68
2.56 609.68
2.56 609.68
2.57 611.35
2.57 611.35
2.57 611.35
2.57 611.35
2.57 611.35
2.57 611.35
2.57 611.35
2.57 611.35
2.57 611.35
2.57 611.35
2.58 613.00
2.58 613.00
2.58 613.00
2.58 613.00
2.58 613.00
2.58 613.00
2.58 613.00
2.58 613.00
2.58 613.00
2.58 613.00
2.59 614.64
2.59 614.64
2.59 614.64
2.59 614.64
2.59 614.64
2.59 614.64
2.59 614.64
2.59 614.64
2.59 614.64
2.59 614.64
2.61 616.27
2.61 616.27
2.61 616.27
2.61 616.27
2.61 616.27
2.61 616.27
2.61 616.27
2.61 616.27
2.61 616.27
2.61 616.27
2.62 617.88
2.62 617.88
2.62 617.88
2.62 617.88
2.62 617.88
2.62 617.88
2.62 617.88
2.62 617.88
2.62 617.88
2.62 617.88
2.63 619.48
2.63 619.48
2.63 619.48
2.63 619.48
2.63 619.48
2.63 619.48
2.63 619.48
2.63 619.48
2.63 619.48
2.63 619.48
2.64 621.07
2.64 621.07
2.64 621.07
2.64 621.07
2.64 621.07
2.64 621.07
2.64 621.07
2.64 621.07
2.64 621.07
2.64 621.07
2.65 622.64
2.65 622.64
2.65 622.64
2.65 622.64
2.65 622.64
2.65 622.64
2.65 622.64
2.65 622.64
2.65 622.64
2.65 622.64
2.66 624.20
2.66 624.20
2.66 624.20
2.66 624.20
2.66 624.20
2.66 624.20
2.66 624.20
2.66 624.20
2.66 624.20
2.66 624.20
2.67 625.75
2.67 625.75
2.67 625.75
2.67 625.75
2.67 625.75
2.67 625.75
2.67 625.75
2.67 625.75
2.67 625.75
2.67 625.75
2.68 627.28
2.68 627.28
2.68 627.28
2.68 627.28
2.68 627.28
2.68 627.28
2.68 627.28
2.68 627.28
2.68 627.28
2.68 627.28
2.69 628.80
2.69 628.80
2.69 628.80
2.69 628.80
2.69 628.80
2.69 628.80
2.69 628.80
2.69 628.80
2.69 628.80
2.69 628.80
2.70 630.31
2.70 630.31
2.70 630.31
2.70 630.31
2.70 630.31
2.70 630.31
2.70 630.31
2.70 630.31
2.70 630.31
2.70 630.31
2.72 631.81
2.72 631.81
2.72 631.81
2.72 631.81
2.72 631.81
2.72 631.81
2.72 631.81
2.72 631.81
2.72 631.81
2.72 631.81
2.73 633.30
2.73 633.30
2.73 633.30
2.73 633.30
2.73 633.30
2.73 633.30
2.73 633.30
2.73 633.30
2.73 633.30
2.73 633.30
2.74 634.77
2.74 634.77
2.74 634.77
2.74 634.77
2.74 634.77
2.74 634.77
2.74 634.77
2.74 634.77
2.74 634.77
2.74 634.77
2.75 636.23
2.75 636.23
2.75 636.23
2.75 636.23
2.75 636.23
2.75 636.23
2.75 636.23
2.75 636.23
2.75 636.23
2.75 636.23
2.76 637.68
2.76 637.68
2.76 637.68
2.76 637.68
2.76 637.68
2.76 637.68
2.76 637.68
2.76 637.68
2.76 637.68
2.76 637.68
2.77 639.12
2.77 639.12
2.77 639.12
2.77 639.12
2.77 639.12
2.77 639.12
2.77 639.12
2.77 639.12
2.77 639.12
2.77 639.12
2.78 640.55
2.78 640.55
2.78 640.55
2.78 640.55
2.78 640.55
2.78 640.55
2.78 640.55
2.78 640.55
2.78 640.55
2.78 640.55
2.79 641.96
2.79 641.96
2.79 641.96
2.79 641.96
2.79 641.96
2.79 641.96
2.79 641.96
2.79 641.96
2.79 641.96
2.79 641.96
2.80 643.37
2.80 643.37
2.80 643.37
2.80 643.37
2.80 643.37
2.80 643.37
2.80 643.37
2.80 643.37
2.80 643.37
2.80 643.37
2.81 644.76
2.81 644.76
2.81 644.76
2.81 644.76
2.81 644.76
2.81 644.76
2.81 644.76
2.81 644.76
2.81 644.76
2.81 644.76
2.83 646.14
2.83 646.14
2.83 646.14
2.83 646.14
2.83 646.14
2.83 646.14
2.83 646.14
2.83 646.14
2.83 646.14
2.83 646.14
2.84 647.51
2.84 647.51
2.84 647.51
2.84 647.51
2.84 647.51
2.84 647.51
2.84 647.51
2.84 647.51
2.84 647.51
2.84 647.51
2.85 648.88
2.85 648.88
2.85 648.88
2.85 648.88
2.85 648.88
2.85 648.88
2.85 648.88
2.85 648.88
2.85 648.88
2.85 648.88
2.86 650.23
2.86 650.23
2.86 650.23
2.86 650.23
2.86 650.23
2.86 650.23
2.86 650.23
2.86 650.23
2.86 650.23
2.86 650.23
2.87 651.57
2.87 651.57
2.87 651.57
2.87 651.57
2.87 651.57
2.87 651.57
2.87 651.57
2.87 651.57
2.87 651.57
2.87 651.57
2.88 652.90
2.88 652.90
2.88 652.90
2.88 652.90
2.88 652.90
2.88 652.90
2.88 652.90
2.88 652.90
2.88 652.90
2.88 652.90
2.89 654.22
2.89 654.22
2.89 654.22
2.89 654.22
2.89 654.22
2.89 654.22
2.89 654.22
2.89 654.22
2.89 654.22
2.89 654.22
2.90 655.53
2.90 655.53
2.90 655.53
2.90 655.53
2.90 655.53
2.90 655.53
2.90 655.53
2.90 655.53
2.90 655.53
2.90 655.53
2.91 656.83
2.91 656.83
2.91 656.83
2.91 656.83
2.91 656.83
2.91 656.83
2.91 656.83
2.91 656.83
2.91 656.83
2.91 656.83
2.93 658.12
2.93 658.12
2.93 658.12
2.93 658.12
2.93 658.12
2.93 658.12
2.93 658.12
2.93 658.12
2.93 658.12
2.93 658.12
2.94 659.40
2.94 659.40
2.94 659.40
2.94 659.40
2.94 659.40
2.94 659.40
2.94 659.40
2.94 659.40
2.94 659.40
2.94 659.40
2.95 660.67
2.95 660.67
2.95 660.67
2.95 660.67
2.95 660.67
2.95 660.67
2.95 660.67
2.95 660.67
2.95 660.67
2.95 660.67
2.96 661.93
2.96 661.93
2.96 661.93
2.96 661.93
2.96 661.93
2.96 661.93
2.96 661.93
2.96 661.93
2.96 661.93
2.96 661.93
2.97 663.19
2.97 663.19
2.97 663.19
2.97 663.19
2.97 663.19
2.97 663.19
2.97 663.19
2.97 663.19
2.97 663.19
2.97 663.19
2.98 664.43
2.98 664.43
2.98 664.43
2.98 664.43
2.98 664.43
2.98 664.43
2.98 664.43
2.98 664.43
2.98 664.43
2.98 664.43
2.99 665.66
2.99 665.66
2.99 665.66
2.99 665.66
2.99 665.66
2.99 665.66
2.99 665.66
2.99 665.66
2.99 665.66
2.99 665.66
3.00 651.65
3.00 681.46
3.00 651.65
3.00 681.46
3.00 651.65
3.00 681.46
3.00 651.65
3.00 681.46
3.00 651.65
3.00 681.46
3.01 703.85
3.01 628.04
3.01 703.85
3.01 628.04
3.01 703.85
3.01 628.04
3.01 703.85
3.01 628.04
3.01 703.85
3.01 628.04
3.02 613.96
3.02 716.73
3.02 613.96
3.02 716.73
3.02 613.96
3.02 716.73
3.02 613.96
3.02 716.73
3.02 613.96
3.02 716.73
3.04 726.66
3.04 602.83
3.04 726.66
3.04 602.83
3.04 726.66
3.04 602.83
3.04 726.66
3.04 602.83
3.04 726.66
3.04 602.83
3.05 593.33
3.05 734.97
3.05 593.33
3.05 734.97
3.05 593.33
3.05 734.97
3.05 593.33
3.05 734.97
3.05 593.33
3.05 734.97
3.06 742.21
3.06 584.91
3.06 742.21
3.06 584.91
3.06 742.21
3.06 584.91
3.06 742.21
3.06 584.91
3.06 742.21
3.06 584.91
3.07 577.26
3.07 748.69
3.07 577.26
3.07 748.69
3.07 577.26
3.07 748.69
3.07 577.26
3.07 748.69
3.07 577.26
3.07 748.69
3.08 754.57
3.08 570.21
3.08 754.57
3.08 570.21
3.08 754.57
3.08 570.21
3.08 754.57
3.08 570.21
3.08 754.57
3.08 570.21
3.09 563.64
3.09 759.99
3.09 563.64
3.09 759.99
3.09 563.64
3.09 759.99
3.09 563.64
3.09 759.99
3.09 563.64
3.09 759.99
3.10 765.01
3.10 557.47
3.10 765.01
3.10 557.47
3.10 765.01
3.10 557.47
3.10 765.01
3.10 557.47
3.10 765.01
3.10 557.47
3.11 551.63
3.11 769.70
3.11 551.63
3.11 769.70
3.11 551.63
3.11 769.70
3.11 551.63
3.11 769.70
3.11 551.63
3.11 769.70
3.12 774.12
3.12 546.09
3.12 774.12
3.12 546.09
3.12 774.12
3.12 546.09
3.12 774.12
3.12 546.09
3.12 774.12
3.12 546.09
3.13 540.80
3.13 778.28
3.13 540.80
3.13 778.28
3.13 540.80
3.13 778.28
3.13 540.80
3.13 778.28
3.13 540.80
3.13 778.28
3.15 782.23
3.15 535.73
3.15 782.23
3.15 535.73
3.15 782.23
3.15 535.73
3.15 782.23
3.15 535.73
3.15 782.23
3.15 535.73
3.16 530.86
3.16 785.99
3.16 530.86
3.16 785.99
3.16 530.86
3.16 785.99
3.16 530.86
3.16 785.99
3.16 530.86
3.16 785.99
3.17 789.58
3.17 526.18
3.17 789.58
3.17 526.18
3.17 789.58
3.17 526.18
3.17 789.58
3.17 526.18
3.17 789.58
3.17 526.18
3.18 521.65
3.18 793.01
3.18 521.65
3.18 793.01
3.18 521.65
3.18 793.01
3.18 521.65
3.18 793.01
3.18 521.65
3.18 793.01
3.19 796.30
3.19 517.28
3.19 796.30
3.19 517.28
3.19 796.30
3.19 517.28
3.19 796.30
3.19 517.28
3.19 796.30
3.19 517.28
3.20 513.04
3.20 799.46
3.20 513.04
3.20 799.46
3.20 513.04
3.20 799.46
3.20 513.04
3.20 799.46
3.20 513.04
3.20 799.46
3.21 802.49
3.21 508.94
3.21 802.49
3.21 508.94
3.21 802.49
3.21 508.94
3.21 802.49
3.21 508.94
3.21 802.49
3.21 508.94
3.22 504.95
3.22 805.42
3.22 504.95
3.22 805.42
3.22 504.95
3.22 805.42
3.22 504.95
3.22 805.42
3.22 504.95
3.22 805.42
3.23 808.25
3.23 501.06
3.23 808.25
3.23 501.06
3.23 808.25
3.23 501.06
3.23 808.25
3.23 501.06
3.23 808.25
3.23 501.06
3.24 497.29
3.24 810.98
3.24 497.29
3.24 810.98
3.24 497.29
3.24 810.98
3.24 497.29
3.24 810.98
3.24 497.29
3.24 810.98
3.26 813.62
3.26 493.60
3.26 813.62
3.26 493.60
3.26 813.62
3.26 493.60
3.26 813.62
3.26 493.60
3.26 813.62
3.26 493.60
3.27 490.01
3.27 816.17
3.27 490.01
3.27 816.17
3.27 490.01
3.27 816.17
3.27 490.01
3.27 816.17
3.27 490.01
3.27 816.17
3.28 818.65
3.28 486.50
3.28 818.65
3.28 486.50
3.28 818.65
3.28 486.50
3.28 818.65
3.28 486.50
3.28 818.65
3.28 486.50
3.29 483.08
3.29 821.06
3.29 483.08
3.29 821.06
3.29 483.08
3.29 821.06
3.29 483.08
3.29 821.06
3.29 483.08
3.29 821.06
3.30 823.39
3.30 479.73
3.30 823.39
3.30 479.73
3.30 823.39
3.30 479.73
3.30 823.39
3.30 479.73
3.30 823.39
3.30 479.73
3.31 476.45
3.31 825.66
3.31 476.45
3.31 825.66
3.31 476.45
3.31 825.66
3.31 476.45
3.31 825.66
3.31 476.45
3.31 825.66
3.32 827.87
3.32 473.24
3.32 827.87
3.32 473.24
3.32 827.87
3.32 473.24
3.32 827.87
3.32 473.24
3.32 827.87
3.32 473.24
3.33 470.10
3.33 830.02
3.33 470.10
3.33 830.02
3.33 470.10
3.33 830.02
3.33 470.10
3.33 830.02
3.33 470.10
3.33 830.02
3.34 832.11
3.34 467.02
3.34 832.11
3.34 467.02
3.34 832.11
3.34 467.02
3.34 832.11
3.34 467.02
3.34 832.11
3.34 467.02
3.35 464.00
3.35 834.15
3.35 464.00
3.35 834.15
3.35 464.00
3.35 834.15
3.35 464.00
3.35 834.15
3.35 464.00
3.35 834.15
3.37 836.14
3.37 461.04
3.37 836.14
3.37 461.04
3.37 836.14
3.37 461.04
3.37 836.14
3.37 461.04
3.37 836.14
3.37 461.04
3.38 458.13
3.38 838.08
3.38 458.13
3.38 838.08
3.38 458.13
3.38 838.08
3.38 458.13
3.38 838.08
3.38 458.13
3.38 838.08
3.39 839.97
3.39 455.27
3.39 839.97
3.39 455.27
3.39 839.97
3.39 455.27
3.39 839.97
3.39 455.27
3.39 839.97
3.39 455.27
3.40 452.47
3.40 841.82
3.40 452.47
3.40 841.82
3.40 452.47
3.40 841.82
3.40 452.47
3.40 841.82
3.40 452.47
3.40 841.82
3.41 843.63
3.41 449.71
3.41 843.63
3.41 449.71
3.41 843.63
3.41 449.71
3.41 843.63
3.41 449.71
3.41 843.63
3.41 449.71
3.42 447.00
3.42 845.39
3.42 447.00
3.42 845.39
3.42 447.00
3.42 845.39
3.42 447.00
3.42 845.39
3.42 447.00
3.42 845.39
3.43 847.12
3.43 444.34
3.43 847.12
3.43 444.34
3.43 847.12
3.43 444.34
3.43 847.12
3.43 444.34
3.43 847.12
3.43 444.34
3.44 441.72
3.44 848.81
3.44 441.72
3.44 848.81
3.44 441.72
3.44 848.81
3.44 441.72
3.44 848.81
3.44 441.72
3.44 848.81
3.45 843.51
3.45 455.79
3.45 856.50
3.45 424.40
3.45 843.51
3.45 455.79
3.45 856.50
3.45 424.40
3.45 843.51
3.45 455.79
3.46 472.36
3.46 863.35
3.46 408.66
3.46 837.10
3.46 472.36
3.46 863.35
3.46 408.66
3.46 837.10
3.46 472.36
3.46 863.35
3.48 867.75
3.48 398.78
3.48 833.15
3.48 483.07
3.48 867.75
3.48 398.78
3.48 833.15
3.48 483.07
3.48 867.75
3.48 398.78
3.49 391.02
3.49 830.10
3.49 491.65
3.49 871.26
3.49 391.02
3.49 830.10
3.49 491.65
3.49 871.26
3.49 391.02
3.49 830.10
3.50 827.57
3.50 499.03
3.50 874.25
3.50 384.46
3.50 827.57
3.50 499.03
3.50 874.25
3.50 384.46
3.50 827.57
3.50 499.03
3.51 505.59
3.51 876.89
3.51 378.70
3.51 825.39
3.51 505.59
3.51 876.89
3.51 378.70
3.51 825.39
3.51 505.59
3.51 876.89
3.52 879.28
3.52 373.53
3.52 823.47
3.52 511.56
3.52 879.28
3.52 373.53
3.52 823.47
3.52 511.56
3.52 879.28
3.52 373.53
3.53 368.81
3.53 821.75
3.53 517.07
3.53 881.47
3.53 368.81
3.53 821.75
3.53 517.07
3.53 881.47
3.53 368.81
3.53 821.75
3.54 820.20
3.54 522.21
3.54 883.50
3.54 364.46
3.54 820.20
3.54 522.21
3.54 883.50
3.54 364.46
3.54 820.20
3.54 522.21
3.55 503.22
3.55 887.96
3.55 353.37
3.55 811.63
3.55 543.05
3.55 881.42
3.55 371.26
3.55 829.13
3.55 503.22
3.55 887.96
3.56 890.51
3.56 347.40
3.56 807.78
3.56 553.24
3.56 880.65
3.56 374.49
3.56 834.62
3.56 491.80
3.56 890.51
3.56 347.40
3.57 344.08
3.57 806.61
3.57 557.51
3.57 881.68
3.57 372.85
3.57 835.72
3.57 490.69
3.57 893.19
3.57 340.96
3.57 803.11
3.59 812.61
3.59 545.90
3.59 888.70
3.59 354.61
3.59 820.47
3.59 528.08
3.59 893.42
3.59 341.35
3.59 806.02
3.59 560.52
3.60 393.14
3.60 857.94
3.60 438.29
3.60 885.31
3.60 365.14
3.60 833.60
3.60 498.81
3.60 898.99
3.60 326.53
3.60 790.79
3.61 840.14
3.61 484.43
3.61 900.88
3.61 322.10
3.61 787.59
3.61 603.41
3.61 863.17
3.61 426.00
3.61 882.00
3.61 375.41
3.62 582.50
3.62 879.88
3.62 382.40
3.62 854.47
3.62 449.91
3.62 895.42
3.62 338.79
3.62 810.48
3.62 555.74
3.62 893.26
3.63 770.01
3.63 642.67
3.63 833.38
3.63 503.91
3.63 907.19
3.63 305.53
3.63 770.01
3.63 642.67
3.63 833.38
3.63 503.91
3.64 299.49
3.64 763.65
3.64 656.97
3.64 820.31
3.64 536.55
3.64 905.14
3.64 312.54
3.64 782.09
3.64 620.35
3.64 857.28
3.65 765.44
3.65 655.50
3.65 824.47
3.65 528.37
3.65 909.81
3.65 299.58
3.65 766.10
3.65 654.23
3.65 825.91
3.65 524.96
3.66 285.34
3.66 746.76
3.66 692.53
3.66 779.76
3.66 628.89
3.66 854.67
3.66 454.86
3.66 908.04
3.66 305.79
3.66 777.38
3.67 771.18
3.67 648.14
3.67 837.65
3.67 499.50
3.67 918.25
3.67 275.72
3.67 733.50
3.67 717.99
3.67 743.71
3.67 700.10
3.68 268.59
3.68 723.72
3.68 736.62
3.68 714.74
3.68 751.12
3.68 688.68
3.68 789.85
3.68 611.49
3.68 875.21
3.68 402.36
3.70 731.76
3.70 725.29
3.70 736.21
3.70 717.59
3.70 748.81
3.70 695.00
3.70 783.25
3.70 627.29
3.70 863.88
3.70 434.51
3.71 596.15
3.71 892.24
3.71 356.32
3.71 850.00
3.71 472.52
3.71 923.70
3.71 261.19
3.71 715.14
3.71 754.96
3.71 685.59
3.72 906.41
3.72 315.32
3.72 802.47
3.72 589.18
3.72 899.69
3.72 335.46
3.72 828.61
3.72 527.86
3.72 926.36
3.72 253.55
3.73 735.97
3.73 724.41
3.73 744.25
3.73 709.59
3.73 768.24
3.73 663.76
3.73 832.02
3.73 521.03
3.73 930.35
3.73 241.56
3.74 228.05
3.74 658.23
3.74 841.14
3.74 499.63
3.74 934.75
3.74 228.05
3.74 658.23
3.74 841.14
3.74 499.63
3.74 934.75
3.75 699.85
3.75 787.73
3.75 627.04
3.75 876.98
3.75 404.58
3.75 903.36
3.75 327.39
3.75 825.77
3.75 539.54
3.75 931.64
3.76 443.75
3.76 928.35
3.76 250.16
3.76 705.49
3.76 781.43
3.76 642.36
3.76 864.03
3.76 441.86
3.76 927.54
3.76 252.78
3.77 562.30
3.77 928.36
3.77 250.86
3.77 708.88
3.77 778.43
3.77 650.58
3.77 857.47
3.77 460.98
3.77 937.26
3.77 221.81
3.78 737.19
3.78 732.92
3.78 740.52
3.78 726.91
3.78 750.98
3.78 707.46
3.78 782.93
3.78 642.93
3.78 868.46
3.78 432.15
3.79 187.02
3.79 576.85
3.79 926.09
3.79 259.68
3.79 729.39
3.79 748.86
3.79 713.52
3.79 775.52
3.79 660.49
3.79 850.78
3.81 215.45
3.81 643.16
3.81 873.26
3.81 421.12
3.81 927.58
3.81 255.62
3.81 724.00
3.81 760.32
3.81 693.39
3.81 808.94
3.82 897.41
3.82 351.33
3.82 869.65
3.82 432.58
3.82 936.65
3.82 226.42
3.82 668.39
3.82 845.80
3.82 497.69
3.82 953.98
3.83 175.77
3.83 554.42
3.83 945.41
3.83 197.50
3.83 606.55
3.83 913.31
3.83 303.02
3.83 808.25
3.83 593.11
3.83 923.57
3.84 490.40
3.84 959.15
3.84 150.39
3.84 490.40
3.84 959.15
3.84 150.39
3.84 490.40
3.84 959.15
3.84 150.39
3.84 490.40
3.85 958.63
3.85 152.64
3.85 497.84
3.85 962.23
3.85 139.88
3.85 463.08
3.85 957.00
3.85 158.37
3.85 513.04
3.85 961.60
3.86 937.59
3.86 225.86
3.86 674.91
3.86 846.91
3.86 500.46
3.86 965.00
3.86 130.37
3.86 437.63
3.86 949.99
3.86 183.40
3.87 517.60
3.87 966.55
3.87 125.15
3.87 423.83
3.87 945.29
3.87 200.20
3.87 619.82
3.87 912.18
3.87 310.10
3.87 828.16
3.88 758.30
3.88 711.50
3.88 796.84
3.88 628.43
3.88 906.47
3.88 329.13
3.88 857.16
3.88 475.29
3.88 968.13
3.88 119.78
3.89 210.68
3.89 647.38
3.89 888.69
3.89 385.11
3.89 921.86
3.89 280.43
3.89 785.56
3.89 655.80
3.89 878.76
3.89 414.77
3.90 800.76
3.90 622.86
3.90 917.07
3.90 296.92
3.90 814.99
3.90 588.65
3.90 945.32
3.90 201.81
3.90 628.87
3.90 911.16
3.92 305.16
3.92 830.12
3.92 552.09
3.92 968.13
3.92 120.80
3.92 415.80
3.92 951.00
3.92 182.45
3.92 583.96
3.92 951.15
3.93 723.77
3.93 784.92
3.93 662.80
3.93 877.45
3.93 422.18
3.93 957.72
3.93 158.96
3.93 524.88
3.93 979.07
3.93 80.45
3.94 98.29
3.94 348.93
3.94 894.40
3.94 371.84
3.94 919.58
3.94 291.14
3.94 812.51
3.94 599.75
3.94 945.08
3.94 204.35
3.95 968.74
3.95 119.57
3.95 415.63
3.95 958.89
3.95 155.61
3.95 518.76
3.95 985.61
3.95 55.99
3.95 208.67
3.95 651.93
3.96 829.63
3.96 559.57
3.96 975.70
3.96 93.87
3.96 336.73
3.96 884.22
3.96 405.31
3.96 954.25
3.96 172.83
3.96 565.99
3.97 952.12
3.97 180.99
3.97 588.47
3.97 961.42
3.97 147.24
3.97 498.47
3.97 992.49
3.97 29.59
3.97 113.99
3.97 400.95
3.98 219.14
3.98 681.21
3.98 864.52
3.98 466.26
3.98 990.72
3.98 36.60
3.98 140.39
3.98 480.43
3.98 993.72
3.98 24.82
3.99 367.35
3.99 927.75
3.99 267.57
3.99 782.33
3.99 679.79
3.99 868.96
3.99 454.55
3.99 989.75
3.99 40.48
3.99 155.07
