1.00 0.10
1.00 0.10
1.00 0.10
1.00 0.10
1.00 0.10
1.00 0.10
1.00 0.10
1.00 0.10
1.00 0.10
1.00 0.10
1.00 0.10
1.01 9.90
1.01 9.90
1.01 9.90
1.01 9.90
1.01 9.90
1.01 9.90
1.01 9.90
1.01 9.90
1.01 9.90
1.01 9.90
1.01 9.90
1.02 19.61
1.02 19.61
1.02 19.61
1.02 19.61
1.02 19.61
1.02 19.61
1.02 19.61
1.02 19.61
1.02 19.61
1.02 19.61
1.02 19.61
1.03 29.13
1.03 29.13
1.03 29.13
1.03 29.13
1.03 29.13
1.03 29.13
1.03 29.13
1.03 29.13
1.03 29.13
1.03 29.13
1.03 29.13
1.04 38.46
1.04 38.46
1.04 38.46
1.04 38.46
1.04 38.46
1.04 38.46
1.04 38.46
1.04 38.46
1.04 38.46
1.04 38.46
1.04 38.46
1.05 47.62
1.05 47.62
1.05 47.62
1.05 47.62
1.05 47.62
1.05 47.62
1.05 47.62
1.05 47.62
1.05 47.62
1.05 47.62
1.05 47.62
1.06 56.60
1.06 56.60
1.06 56.60
1.06 56.60
1.06 56.60
1.06 56.60
1.06 56.60
1.06 56.60
1.06 56.60
1.06 56.60
1.06 56.60
1.07 65.42
1.07 65.42
1.07 65.42
1.07 65.42
1.07 65.42
1.07 65.42
1.07 65.42
1.07 65.42
1.07 65.42
1.07 65.42
1.07 65.42
1.08 74.07
1.08 74.07
1.08 74.07
1.08 74.07
1.08 74.07
1.08 74.07
1.08 74.07
1.08 74.07
1.08 74.07
1.08 74.07
1.08 74.07
1.09 82.57
1.09 82.57
1.09 82.57
1.09 82.57
1.09 82.57
1.09 82.57
1.09 82.57
1.09 82.57
1.09 82.57
1.09 82.57
1.09 82.57
1.10 90.91
1.10 90.91
1.10 90.91
1.10 90.91
1.10 90.91
1.10 90.91
1.10 90.91
1.10 90.91
1.10 90.91
1.10 90.91
1.10 90.91
1.11 99.10
1.11 99.10
1.11 99.10
1.11 99.10
1.11 99.10
1.11 99.10
1.11 99.10
1.11 99.10
1.11 99.10
1.11 99.10
1.11 99.10
1.12 107.14
1.12 107.14
1.12 107.14
1.12 107.14
1.12 107.14
1.12 107.14
1.12 107.14
1.12 107.14
1.12 107.14
1.12 107.14
1.12 107.14
1.13 115.04
1.13 115.04
1.13 115.04
1.13 115.04
1.13 115.04
1.13 115.04
1.13 115.04
1.13 115.04
1.13 115.04
1.13 115.04
1.13 115.04
1.14 122.81
1.14 122.81
1.14 122.81
1.14 122.81
1.14 122.81
1.14 122.81
1.14 122.81
1.14 122.81
1.14 122.81
1.14 122.81
1.14 122.81
1.15 130.43
1.15 130.43
1.15 130.43
1.15 130.43
1.15 130.43
1.15 130.43
1.15 130.43
1.15 130.43
1.15 130.43
1.15 130.43
1.15 130.43
1.16 137.93
1.16 137.93
1.16 137.93
1.16 137.93
1.16 137.93
1.16 137.93
1.16 137.93
1.16 137.93
1.16 137.93
1.16 137.93
1.16 137.93
1.17 145.30
1.17 145.30
1.17 145.30
1.17 145.30
1.17 145.30
1.17 145.30
1.17 145.30
1.17 145.30
1.17 145.30
1.17 145.30
1.17 145.30
1.18 152.54
1.18 152.54
1.18 152.54
1.18 152.54
1.18 152.54
1.18 152.54
1.18 152.54
1.18 152.54
1.18 152.54
1.18 152.54
1.18 152.54
1.19 159.66
1.19 159.66
1.19 159.66
1.19 159.66
1.19 159.66
1.19 159.66
1.19 159.66
1.19 159.66
1.19 159.66
1.19 159.66
1.19 159.66
1.20 166.67
1.20 166.67
1.20 166.67
1.20 166.67
1.20 166.67
1.20 166.67
1.20 166.67
1.20 166.67
1.20 166.67
1.20 166.67
1.20 166.67
1.21 173.55
1.21 173.55
1.21 173.55
1.21 173.55
1.21 173.55
1.21 173.55
1.21 173.55
1.21 173.55
1.21 173.55
1.21 173.55
1.21 173.55
1.22 180.33
1.22 180.33
1.22 180.33
1.22 180.33
1.22 180.33
1.22 180.33
1.22 180.33
1.22 180.33
1.22 180.33
1.22 180.33
1.22 180.33
1.23 186.99
1.23 186.99
1.23 186.99
1.23 186.99
1.23 186.99
1.23 186.99
1.23 186.99
1.23 186.99
1.23 186.99
1.23 186.99
1.23 186.99
1.24 193.55
1.24 193.55
1.24 193.55
1.24 193.55
1.24 193.55
1.24 193.55
1.24 193.55
1.24 193.55
1.24 193.55
1.24 193.55
1.24 193.55
1.25 200.00
1.25 200.00
1.25 200.00
1.25 200.00
1.25 200.00
1.25 200.00
1.25 200.00
1.25 200.00
1.25 200.00
1.25 200.00
1.25 200.00
1.26 206.35
1.26 206.35
1.26 206.35
1.26 206.35
1.26 206.35
1.26 206.35
1.26 206.35
1.26 206.35
1.26 206.35
1.26 206.35
1.26 206.35
1.27 212.60
1.27 212.60
1.27 212.60
1.27 212.60
1.27 212.60
1.27 212.60
1.27 212.60
1.27 212.60
1.27 212.60
1.27 212.60
1.27 212.60
1.28 218.75
1.28 218.75
1.28 218.75
1.28 218.75
1.28 218.75
1.28 218.75
1.28 218.75
1.28 218.75
1.28 218.75
1.28 218.75
1.28 218.75
1.29 224.81
1.29 224.81
1.29 224.81
1.29 224.81
1.29 224.81
1.29 224.81
1.29 224.81
1.29 224.81
1.29 224.81
1.29 224.81
1.29 224.81
1.30 230.77
1.30 230.77
1.30 230.77
1.30 230.77
1.30 230.77
1.30 230.77
1.30 230.77
1.30 230.77
1.30 230.77
1.30 230.77
1.30 230.77
1.31 236.64
1.31 236.64
1.31 236.64
1.31 236.64
1.31 236.64
1.31 236.64
1.31 236.64
1.31 236.64
1.31 236.64
1.31 236.64
1.31 236.64
1.32 242.42
1.32 242.42
1.32 242.42
1.32 242.42
1.32 242.42
1.32 242.42
1.32 242.42
1.32 242.42
1.32 242.42
1.32 242.42
1.32 242.42
1.33 248.12
1.33 248.12
1.33 248.12
1.33 248.12
1.33 248.12
1.33 248.12
1.33 248.12
1.33 248.12
1.33 248.12
1.33 248.12
1.33 248.12
1.34 253.73
1.34 253.73
1.34 253.73
1.34 253.73
1.34 253.73
1.34 253.73
1.34 253.73
1.34 253.73
1.34 253.73
1.34 253.73
1.34 253.73
1.35 259.26
1.35 259.26
1.35 259.26
1.35 259.26
1.35 259.26
1.35 259.26
1.35 259.26
1.35 259.26
1.35 259.26
1.35 259.26
1.35 259.26
1.36 264.71
1.36 264.71
1.36 264.71
1.36 264.71
1.36 264.71
1.36 264.71
1.36 264.71
1.36 264.71
1.36 264.71
1.36 264.71
1.36 264.71
1.37 270.07
1.37 270.07
1.37 270.07
1.37 270.07
1.37 270.07
1.37 270.07
1.37 270.07
1.37 270.07
1.37 270.07
1.37 270.07
1.37 270.07
1.38 275.36
1.38 275.36
1.38 275.36
1.38 275.36
1.38 275.36
1.38 275.36
1.38 275.36
1.38 275.36
1.38 275.36
1.38 275.36
1.38 275.36
1.39 280.58
1.39 280.58
1.39 280.58
1.39 280.58
1.39 280.58
1.39 280.58
1.39 280.58
1.39 280.58
1.39 280.58
1.39 280.58
1.39 280.58
1.40 285.71
1.40 285.71
1.40 285.71
1.40 285.71
1.40 285.71
1.40 285.71
1.40 285.71
1.40 285.71
1.40 285.71
1.40 285.71
1.40 285.71
1.41 290.78
1.41 290.78
1.41 290.78
1.41 290.78
1.41 290.78
1.41 290.78
1.41 290.78
1.41 290.78
1.41 290.78
1.41 290.78
1.41 290.78
1.42 295.77
1.42 295.77
1.42 295.77
1.42 295.77
1.42 295.77
1.42 295.77
1.42 295.77
1.42 295.77
1.42 295.77
1.42 295.77
1.42 295.77
1.43 300.70
1.43 300.70
1.43 300.70
1.43 300.70
1.43 300.70
1.43 300.70
1.43 300.70
1.43 300.70
1.43 300.70
1.43 300.70
1.43 300.70
1.44 305.56
1.44 305.56
1.44 305.56
1.44 305.56
1.44 305.56
1.44 305.56
1.44 305.56
1.44 305.56
1.44 305.56
1.44 305.56
1.44 305.56
1.45 310.34
1.45 310.34
1.45 310.34
1.45 310.34
1.45 310.34
1.45 310.34
1.45 310.34
1.45 310.34
1.45 310.34
1.45 310.34
1.45 310.34
1.46 315.07
1.46 315.07
1.46 315.07
1.46 315.07
1.46 315.07
1.46 315.07
1.46 315.07
1.46 315.07
1.46 315.07
1.46 315.07
1.46 315.07
1.47 319.73
1.47 319.73
1.47 319.73
1.47 319.73
1.47 319.73
1.47 319.73
1.47 319.73
1.47 319.73
1.47 319.73
1.47 319.73
1.47 319.73
1.48 324.32
1.48 324.32
1.48 324.32
1.48 324.32
1.48 324.32
1.48 324.32
1.48 324.32
1.48 324.32
1.48 324.32
1.48 324.32
1.48 324.32
1.49 328.86
1.49 328.86
1.49 328.86
1.49 328.86
1.49 328.86
1.49 328.86
1.49 328.86
1.49 328.86
1.49 328.86
1.49 328.86
1.49 328.86
1.50 333.33
1.50 333.33
1.50 333.33
1.50 333.33
1.50 333.33
1.50 333.33
1.50 333.33
1.50 333.33
1.50 333.33
1.50 333.33
1.50 333.33
1.51 337.75
1.51 337.75
1.51 337.75
1.51 337.75
1.51 337.75
1.51 337.75
1.51 337.75
1.51 337.75
1.51 337.75
1.51 337.75
1.51 337.75
1.52 342.11
1.52 342.11
1.52 342.11
1.52 342.11
1.52 342.11
1.52 342.11
1.52 342.11
1.52 342.11
1.52 342.11
1.52 342.11
1.52 342.11
1.53 346.41
1.53 346.41
1.53 346.41
1.53 346.41
1.53 346.41
1.53 346.41
1.53 346.41
1.53 346.41
1.53 346.41
1.53 346.41
1.53 346.41
1.54 350.65
1.54 350.65
1.54 350.65
1.54 350.65
1.54 350.65
1.54 350.65
1.54 350.65
1.54 350.65
1.54 350.65
1.54 350.65
1.54 350.65
1.55 354.84
1.55 354.84
1.55 354.84
1.55 354.84
1.55 354.84
1.55 354.84
1.55 354.84
1.55 354.84
1.55 354.84
1.55 354.84
1.55 354.84
1.56 358.97
1.56 358.97
1.56 358.97
1.56 358.97
1.56 358.97
1.56 358.97
1.56 358.97
1.56 358.97
1.56 358.97
1.56 358.97
1.56 358.97
1.57 363.06
1.57 363.06
1.57 363.06
1.57 363.06
1.57 363.06
1.57 363.06
1.57 363.06
1.57 363.06
1.57 363.06
1.57 363.06
1.57 363.06
1.58 367.09
1.58 367.09
1.58 367.09
1.58 367.09
1.58 367.09
1.58 367.09
1.58 367.09
1.58 367.09
1.58 367.09
1.58 367.09
1.58 367.09
1.59 371.07
1.59 371.07
1.59 371.07
1.59 371.07
1.59 371.07
1.59 371.07
1.59 371.07
1.59 371.07
1.59 371.07
1.59 371.07
1.59 371.07
1.60 375.00
1.60 375.00
1.60 375.00
1.60 375.00
1.60 375.00
1.60 375.00
1.60 375.00
1.60 375.00
1.60 375.00
1.60 375.00
1.60 375.00
1.61 378.88
1.61 378.88
1.61 378.88
1.61 378.88
1.61 378.88
1.61 378.88
1.61 378.88
1.61 378.88
1.61 378.88
1.61 378.88
1.61 378.88
1.62 382.72
1.62 382.72
1.62 382.72
1.62 382.72
1.62 382.72
1.62 382.72
1.62 382.72
1.62 382.72
1.62 382.72
1.62 382.72
1.62 382.72
1.63 386.50
1.63 386.50
1.63 386.50
1.63 386.50
1.63 386.50
1.63 386.50
1.63 386.50
1.63 386.50
1.63 386.50
1.63 386.50
1.63 386.50
1.64 390.24
1.64 390.24
1.64 390.24
1.64 390.24
1.64 390.24
1.64 390.24
1.64 390.24
1.64 390.24
1.64 390.24
1.64 390.24
1.64 390.24
1.65 393.94
1.65 393.94
1.65 393.94
1.65 393.94
1.65 393.94
1.65 393.94
1.65 393.94
1.65 393.94
1.65 393.94
1.65 393.94
1.65 393.94
1.66 397.59
1.66 397.59
1.66 397.59
1.66 397.59
1.66 397.59
1.66 397.59
1.66 397.59
1.66 397.59
1.66 397.59
1.66 397.59
1.66 397.59
1.67 401.20
1.67 401.20
1.67 401.20
1.67 401.20
1.67 401.20
1.67 401.20
1.67 401.20
1.67 401.20
1.67 401.20
1.67 401.20
1.67 401.20
1.68 404.76
1.68 404.76
1.68 404.76
1.68 404.76
1.68 404.76
1.68 404.76
1.68 404.76
1.68 404.76
1.68 404.76
1.68 404.76
1.68 404.76
1.69 408.28
1.69 408.28
1.69 408.28
1.69 408.28
1.69 408.28
1.69 408.28
1.69 408.28
1.69 408.28
1.69 408.28
1.69 408.28
1.69 408.28
1.70 411.76
1.70 411.76
1.70 411.76
1.70 411.76
1.70 411.76
1.70 411.76
1.70 411.76
1.70 411.76
1.70 411.76
1.70 411.76
1.70 411.76
1.71 415.20
1.71 415.20
1.71 415.20
1.71 415.20
1.71 415.20
1.71 415.20
1.71 415.20
1.71 415.20
1.71 415.20
1.71 415.20
1.71 415.20
1.72 418.60
1.72 418.60
1.72 418.60
1.72 418.60
1.72 418.60
1.72 418.60
1.72 418.60
1.72 418.60
1.72 418.60
1.72 418.60
1.72 418.60
1.73 421.97
1.73 421.97
1.73 421.97
1.73 421.97
1.73 421.97
1.73 421.97
1.73 421.97
1.73 421.97
1.73 421.97
1.73 421.97
1.73 421.97
1.74 425.29
1.74 425.29
1.74 425.29
1.74 425.29
1.74 425.29
1.74 425.29
1.74 425.29
1.74 425.29
1.74 425.29
1.74 425.29
1.74 425.29
1.75 428.57
1.75 428.57
1.75 428.57
1.75 428.57
1.75 428.57
1.75 428.57
1.75 428.57
1.75 428.57
1.75 428.57
1.75 428.57
1.75 428.57
1.76 431.82
1.76 431.82
1.76 431.82
1.76 431.82
1.76 431.82
1.76 431.82
1.76 431.82
1.76 431.82
1.76 431.82
1.76 431.82
1.76 431.82
1.77 435.03
1.77 435.03
1.77 435.03
1.77 435.03
1.77 435.03
1.77 435.03
1.77 435.03
1.77 435.03
1.77 435.03
1.77 435.03
1.77 435.03
1.78 438.20
1.78 438.20
1.78 438.20
1.78 438.20
1.78 438.20
1.78 438.20
1.78 438.20
1.78 438.20
1.78 438.20
1.78 438.20
1.78 438.20
1.79 441.34
1.79 441.34
1.79 441.34
1.79 441.34
1.79 441.34
1.79 441.34
1.79 441.34
1.79 441.34
1.79 441.34
1.79 441.34
1.79 441.34
1.80 444.44
1.80 444.44
1.80 444.44
1.80 444.44
1.80 444.44
1.80 444.44
1.80 444.44
1.80 444.44
1.80 444.44
1.80 444.44
1.80 444.44
1.81 447.51
1.81 447.51
1.81 447.51
1.81 447.51
1.81 447.51
1.81 447.51
1.81 447.51
1.81 447.51
1.81 447.51
1.81 447.51
1.81 447.51
1.82 450.55
1.82 450.55
1.82 450.55
1.82 450.55
1.82 450.55
1.82 450.55
1.82 450.55
1.82 450.55
1.82 450.55
1.82 450.55
1.82 450.55
1.83 453.55
1.83 453.55
1.83 453.55
1.83 453.55
1.83 453.55
1.83 453.55
1.83 453.55
1.83 453.55
1.83 453.55
1.83 453.55
1.83 453.55
1.84 456.52
1.84 456.52
1.84 456.52
1.84 456.52
1.84 456.52
1.84 456.52
1.84 456.52
1.84 456.52
1.84 456.52
1.84 456.52
1.84 456.52
1.85 459.46
1.85 459.46
1.85 459.46
1.85 459.46
1.85 459.46
1.85 459.46
1.85 459.46
1.85 459.46
1.85 459.46
1.85 459.46
1.85 459.46
1.86 462.37
1.86 462.37
1.86 462.37
1.86 462.37
1.86 462.37
1.86 462.37
1.86 462.37
1.86 462.37
1.86 462.37
1.86 462.37
1.86 462.37
1.87 465.24
1.87 465.24
1.87 465.24
1.87 465.24
1.87 465.24
1.87 465.24
1.87 465.24
1.87 465.24
1.87 465.24
1.87 465.24
1.87 465.24
1.88 468.09
1.88 468.09
1.88 468.09
1.88 468.09
1.88 468.09
1.88 468.09
1.88 468.09
1.88 468.09
1.88 468.09
1.88 468.09
1.88 468.09
1.89 470.90
1.89 470.90
1.89 470.90
1.89 470.90
1.89 470.90
1.89 470.90
1.89 470.90
1.89 470.90
1.89 470.90
1.89 470.90
1.89 470.90
1.90 473.68
1.90 473.68
1.90 473.68
1.90 473.68
1.90 473.68
1.90 473.68
1.90 473.68
1.90 473.68
1.90 473.68
1.90 473.68
1.90 473.68
1.91 476.44
1.91 476.44
1.91 476.44
1.91 476.44
1.91 476.44
1.91 476.44
1.91 476.44
1.91 476.44
1.91 476.44
1.91 476.44
1.91 476.44
1.92 479.17
1.92 479.17
1.92 479.17
1.92 479.17
1.92 479.17
1.92 479.17
1.92 479.17
1.92 479.17
1.92 479.17
1.92 479.17
1.92 479.17
1.93 481.87
1.93 481.87
1.93 481.87
1.93 481.87
1.93 481.87
1.93 481.87
1.93 481.87
1.93 481.87
1.93 481.87
1.93 481.87
1.93 481.87
1.94 484.54
1.94 484.54
1.94 484.54
1.94 484.54
1.94 484.54
1.94 484.54
1.94 484.54
1.94 484.54
1.94 484.54
1.94 484.54
1.94 484.54
1.95 487.18
1.95 487.18
1.95 487.18
1.95 487.18
1.95 487.18
1.95 487.18
1.95 487.18
1.95 487.18
1.95 487.18
1.95 487.18
1.95 487.18
1.96 489.80
1.96 489.80
1.96 489.80
1.96 489.80
1.96 489.80
1.96 489.80
1.96 489.80
1.96 489.80
1.96 489.80
1.96 489.80
1.96 489.80
1.97 492.39
1.97 492.39
1.97 492.39
1.97 492.39
1.97 492.39
1.97 492.39
1.97 492.39
1.97 492.39
1.97 492.39
1.97 492.39
1.97 492.39
1.98 494.95
1.98 494.95
1.98 494.95
1.98 494.95
1.98 494.95
1.98 494.95
1.98 494.95
1.98 494.95
1.98 494.95
1.98 494.95
1.98 494.95
1.99 497.49
1.99 497.49
1.99 497.49
1.99 497.49
1.99 497.49
1.99 497.49
1.99 497.49
1.99 497.49
1.99 497.49
1.99 497.49
1.99 497.49
2.00 500.00
2.00 500.00
2.00 500.00
2.00 500.00
2.00 500.00
2.00 500.00
2.00 500.00
2.00 500.00
2.00 500.00
2.00 500.00
2.00 500.00
2.01 502.49
2.01 502.49
2.01 502.49
2.01 502.49
2.01 502.49
2.01 502.49
2.01 502.49
2.01 502.49
2.01 502.49
2.01 502.49
2.01 502.49
2.02 504.95
2.02 504.95
2.02 504.95
2.02 504.95
2.02 504.95
2.02 504.95
2.02 504.95
2.02 504.95
2.02 504.95
2.02 504.95
2.02 504.95
2.03 507.39
2.03 507.39
2.03 507.39
2.03 507.39
2.03 507.39
2.03 507.39
2.03 507.39
2.03 507.39
2.03 507.39
2.03 507.39
2.03 507.39
2.04 509.80
2.04 509.80
2.04 509.80
2.04 509.80
2.04 509.80
2.04 509.80
2.04 509.80
2.04 509.80
2.04 509.80
2.04 509.80
2.04 509.80
2.05 512.20
2.05 512.20
2.05 512.20
2.05 512.20
2.05 512.20
2.05 512.20
2.05 512.20
2.05 512.20
2.05 512.20
2.05 512.20
2.05 512.20
2.06 514.56
2.06 514.56
2.06 514.56
2.06 514.56
2.06 514.56
2.06 514.56
2.06 514.56
2.06 514.56
2.06 514.56
2.06 514.56
2.06 514.56
2.07 516.91
2.07 516.91
2.07 516.91
2.07 516.91
2.07 516.91
2.07 516.91
2.07 516.91
2.07 516.91
2.07 516.91
2.07 516.91
2.07 516.91
2.08 519.23
2.08 519.23
2.08 519.23
2.08 519.23
2.08 519.23
2.08 519.23
2.08 519.23
2.08 519.23
2.08 519.23
2.08 519.23
2.08 519.23
2.09 521.53
2.09 521.53
2.09 521.53
2.09 521.53
2.09 521.53
2.09 521.53
2.09 521.53
2.09 521.53
2.09 521.53
2.09 521.53
2.09 521.53
2.10 523.81
2.10 523.81
2.10 523.81
2.10 523.81
2.10 523.81
2.10 523.81
2.10 523.81
2.10 523.81
2.10 523.81
2.10 523.81
2.10 523.81
2.11 526.07
2.11 526.07
2.11 526.07
2.11 526.07
2.11 526.07
2.11 526.07
2.11 526.07
2.11 526.07
2.11 526.07
2.11 526.07
2.11 526.07
2.12 528.30
2.12 528.30
2.12 528.30
2.12 528.30
2.12 528.30
2.12 528.30
2.12 528.30
2.12 528.30
2.12 528.30
2.12 528.30
2.12 528.30
2.13 530.52
2.13 530.52
2.13 530.52
2.13 530.52
2.13 530.52
2.13 530.52
2.13 530.52
2.13 530.52
2.13 530.52
2.13 530.52
2.13 530.52
2.14 532.71
2.14 532.71
2.14 532.71
2.14 532.71
2.14 532.71
2.14 532.71
2.14 532.71
2.14 532.71
2.14 532.71
2.14 532.71
2.14 532.71
2.15 534.88
2.15 534.88
2.15 534.88
2.15 534.88
2.15 534.88
2.15 534.88
2.15 534.88
2.15 534.88
2.15 534.88
2.15 534.88
2.15 534.88
2.16 537.04
2.16 537.04
2.16 537.04
2.16 537.04
2.16 537.04
2.16 537.04
2.16 537.04
2.16 537.04
2.16 537.04
2.16 537.04
2.16 537.04
2.17 539.17
2.17 539.17
2.17 539.17
2.17 539.17
2.17 539.17
2.17 539.17
2.17 539.17
2.17 539.17
2.17 539.17
2.17 539.17
2.17 539.17
2.18 541.28
2.18 541.28
2.18 541.28
2.18 541.28
2.18 541.28
2.18 541.28
2.18 541.28
2.18 541.28
2.18 541.28
2.18 541.28
2.18 541.28
2.19 543.38
2.19 543.38
2.19 543.38
2.19 543.38
2.19 543.38
2.19 543.38
2.19 543.38
2.19 543.38
2.19 543.38
2.19 543.38
2.19 543.38
2.20 545.45
2.20 545.45
2.20 545.45
2.20 545.45
2.20 545.45
2.20 545.45
2.20 545.45
2.20 545.45
2.20 545.45
2.20 545.45
2.20 545.45
2.21 547.51
2.21 547.51
2.21 547.51
2.21 547.51
2.21 547.51
2.21 547.51
2.21 547.51
2.21 547.51
2.21 547.51
2.21 547.51
2.21 547.51
2.22 549.55
2.22 549.55
2.22 549.55
2.22 549.55
2.22 549.55
2.22 549.55
2.22 549.55
2.22 549.55
2.22 549.55
2.22 549.55
2.22 549.55
2.23 551.57
2.23 551.57
2.23 551.57
2.23 551.57
2.23 551.57
2.23 551.57
2.23 551.57
2.23 551.57
2.23 551.57
2.23 551.57
2.23 551.57
2.24 553.57
2.24 553.57
2.24 553.57
2.24 553.57
2.24 553.57
2.24 553.57
2.24 553.57
2.24 553.57
2.24 553.57
2.24 553.57
2.24 553.57
2.25 555.56
2.25 555.56
2.25 555.56
2.25 555.56
2.25 555.56
2.25 555.56
2.25 555.56
2.25 555.56
2.25 555.56
2.25 555.56
2.25 555.56
2.26 557.52
2.26 557.52
2.26 557.52
2.26 557.52
2.26 557.52
2.26 557.52
2.26 557.52
2.26 557.52
2.26 557.52
2.26 557.52
2.26 557.52
2.27 559.47
2.27 559.47
2.27 559.47
2.27 559.47
2.27 559.47
2.27 559.47
2.27 559.47
2.27 559.47
2.27 559.47
2.27 559.47
2.27 559.47
2.28 561.40
2.28 561.40
2.28 561.40
2.28 561.40
2.28 561.40
2.28 561.40
2.28 561.40
2.28 561.40
2.28 561.40
2.28 561.40
2.28 561.40
2.29 563.32
2.29 563.32
2.29 563.32
2.29 563.32
2.29 563.32
2.29 563.32
2.29 563.32
2.29 563.32
2.29 563.32
2.29 563.32
2.29 563.32
2.30 565.22
2.30 565.22
2.30 565.22
2.30 565.22
2.30 565.22
2.30 565.22
2.30 565.22
2.30 565.22
2.30 565.22
2.30 565.22
2.30 565.22
2.31 567.10
2.31 567.10
2.31 567.10
2.31 567.10
2.31 567.10
2.31 567.10
2.31 567.10
2.31 567.10
2.31 567.10
2.31 567.10
2.31 567.10
2.32 568.97
2.32 568.97
2.32 568.97
2.32 568.97
2.32 568.97
2.32 568.97
2.32 568.97
2.32 568.97
2.32 568.97
2.32 568.97
2.32 568.97
2.33 570.82
2.33 570.82
2.33 570.82
2.33 570.82
2.33 570.82
2.33 570.82
2.33 570.82
2.33 570.82
2.33 570.82
2.33 570.82
2.33 570.82
2.34 572.65
2.34 572.65
2.34 572.65
2.34 572.65
2.34 572.65
2.34 572.65
2.34 572.65
2.34 572.65
2.34 572.65
2.34 572.65
2.34 572.65
2.35 574.47
2.35 574.47
2.35 574.47
2.35 574.47
2.35 574.47
2.35 574.47
2.35 574.47
2.35 574.47
2.35 574.47
2.35 574.47
2.35 574.47
2.36 576.27
2.36 576.27
2.36 576.27
2.36 576.27
2.36 576.27
2.36 576.27
2.36 576.27
2.36 576.27
2.36 576.27
2.36 576.27
2.36 576.27
2.37 578.06
2.37 578.06
2.37 578.06
2.37 578.06
2.37 578.06
2.37 578.06
2.37 578.06
2.37 578.06
2.37 578.06
2.37 578.06
2.37 578.06
2.38 579.83
2.38 579.83
2.38 579.83
2.38 579.83
2.38 579.83
2.38 579.83
2.38 579.83
2.38 579.83
2.38 579.83
2.38 579.83
2.38 579.83
2.39 581.59
2.39 581.59
2.39 581.59
2.39 581.59
2.39 581.59
2.39 581.59
2.39 581.59
2.39 581.59
2.39 581.59
2.39 581.59
2.39 581.59
2.40 583.33
2.40 583.33
2.40 583.33
2.40 583.33
2.40 583.33
2.40 583.33
2.40 583.33
2.40 583.33
2.40 583.33
2.40 583.33
2.40 583.33
2.41 585.06
2.41 585.06
2.41 585.06
2.41 585.06
2.41 585.06
2.41 585.06
2.41 585.06
2.41 585.06
2.41 585.06
2.41 585.06
2.41 585.06
2.42 586.78
2.42 586.78
2.42 586.78
2.42 586.78
2.42 586.78
2.42 586.78
2.42 586.78
2.42 586.78
2.42 586.78
2.42 586.78
2.42 586.78
2.43 588.48
2.43 588.48
2.43 588.48
2.43 588.48
2.43 588.48
2.43 588.48
2.43 588.48
2.43 588.48
2.43 588.48
2.43 588.48
2.43 588.48
2.44 590.16
2.44 590.16
2.44 590.16
2.44 590.16
2.44 590.16
2.44 590.16
2.44 590.16
2.44 590.16
2.44 590.16
2.44 590.16
2.44 590.16
2.45 591.84
2.45 591.84
2.45 591.84
2.45 591.84
2.45 591.84
2.45 591.84
2.45 591.84
2.45 591.84
2.45 591.84
2.45 591.84
2.45 591.84
2.46 593.50
2.46 593.50
2.46 593.50
2.46 593.50
2.46 593.50
2.46 593.50
2.46 593.50
2.46 593.50
2.46 593.50
2.46 593.50
2.46 593.50
2.47 595.14
2.47 595.14
2.47 595.14
2.47 595.14
2.47 595.14
2.47 595.14
2.47 595.14
2.47 595.14
2.47 595.14
2.47 595.14
2.47 595.14
2.48 596.77
2.48 596.77
2.48 596.77
2.48 596.77
2.48 596.77
2.48 596.77
2.48 596.77
2.48 596.77
2.48 596.77
2.48 596.77
2.48 596.77
2.49 598.39
2.49 598.39
2.49 598.39
2.49 598.39
2.49 598.39
2.49 598.39
2.49 598.39
2.49 598.39
2.49 598.39
2.49 598.39
2.49 598.39
2.50 600.00
2.50 600.00
2.50 600.00
2.50 600.00
2.50 600.00
2.50 600.00
2.50 600.00
2.50 600.00
2.50 600.00
2.50 600.00
2.50 600.00
2.51 601.59
2.51 601.59
2.51 601.59
2.51 601.59
2.51 601.59
2.51 601.59
2.51 601.59
2.51 601.59
2.51 601.59
2.51 601.59
2.51 601.59
2.52 603.17
2.52 603.17
2.52 603.17
2.52 603.17
2.52 603.17
2.52 603.17
2.52 603.17
2.52 603.17
2.52 603.17
2.52 603.17
2.52 603.17
2.53 604.74
2.53 604.74
2.53 604.74
2.53 604.74
2.53 604.74
2.53 604.74
2.53 604.74
2.53 604.74
2.53 604.74
2.53 604.74
2.53 604.74
2.54 606.30
2.54 606.30
2.54 606.30
2.54 606.30
2.54 606.30
2.54 606.30
2.54 606.30
2.54 606.30
2.54 606.30
2.54 606.30
2.54 606.30
2.55 607.84
2.55 607.84
2.55 607.84
2.55 607.84
2.55 607.84
2.55 607.84
2.55 607.84
2.55 607.84
2.55 607.84
2.55 607.84
2.55 607.84
2.56 609.37
2.56 609.37
2.56 609.37
2.56 609.37
2.56 609.37
2.56 609.37
2.56 609.37
2.56 609.37
2.56 609.37
2.56 609.37
2.56 609.37
2.57 610.89
2.57 610.89
2.57 610.89
2.57 610.89
2.57 610.89
2.57 610.89
2.57 610.89
2.57 610.89
2.57 610.89
2.57 610.89
2.57 610.89
2.58 612.40
2.58 612.40
2.58 612.40
2.58 612.40
2.58 612.40
2.58 612.40
2.58 612.40
2.58 612.40
2.58 612.40
2.58 612.40
2.58 612.40
2.59 613.90
2.59 613.90
2.59 613.90
2.59 613.90
2.59 613.90
2.59 613.90
2.59 613.90
2.59 613.90
2.59 613.90
2.59 613.90
2.59 613.90
2.60 615.38
2.60 615.38
2.60 615.38
2.60 615.38
2.60 615.38
2.60 615.38
2.60 615.38
2.60 615.38
2.60 615.38
2.60 615.38
2.60 615.38
2.61 616.86
2.61 616.86
2.61 616.86
2.61 616.86
2.61 616.86
2.61 616.86
2.61 616.86
2.61 616.86
2.61 616.86
2.61 616.86
2.61 616.86
2.62 618.32
2.62 618.32
2.62 618.32
2.62 618.32
2.62 618.32
2.62 618.32
2.62 618.32
2.62 618.32
2.62 618.32
2.62 618.32
2.62 618.32
2.63 619.77
2.63 619.77
2.63 619.77
2.63 619.77
2.63 619.77
2.63 619.77
2.63 619.77
2.63 619.77
2.63 619.77
2.63 619.77
2.63 619.77
2.64 621.21
2.64 621.21
2.64 621.21
2.64 621.21
2.64 621.21
2.64 621.21
2.64 621.21
2.64 621.21
2.64 621.21
2.64 621.21
2.64 621.21
2.65 622.64
2.65 622.64
2.65 622.64
2.65 622.64
2.65 622.64
2.65 622.64
2.65 622.64
2.65 622.64
2.65 622.64
2.65 622.64
2.65 622.64
2.66 624.06
2.66 624.06
2.66 624.06
2.66 624.06
2.66 624.06
2.66 624.06
2.66 624.06
2.66 624.06
2.66 624.06
2.66 624.06
2.66 624.06
2.67 625.47
2.67 625.47
2.67 625.47
2.67 625.47
2.67 625.47
2.67 625.47
2.67 625.47
2.67 625.47
2.67 625.47
2.67 625.47
2.67 625.47
2.68 626.87
2.68 626.87
2.68 626.87
2.68 626.87
2.68 626.87
2.68 626.87
2.68 626.87
2.68 626.87
2.68 626.87
2.68 626.87
2.68 626.87
2.69 628.25
2.69 628.25
2.69 628.25
2.69 628.25
2.69 628.25
2.69 628.25
2.69 628.25
2.69 628.25
2.69 628.25
2.69 628.25
2.69 628.25
2.70 629.63
2.70 629.63
2.70 629.63
2.70 629.63
2.70 629.63
2.70 629.63
2.70 629.63
2.70 629.63
2.70 629.63
2.70 629.63
2.70 629.63
2.71 631.00
2.71 631.00
2.71 631.00
2.71 631.00
2.71 631.00
2.71 631.00
2.71 631.00
2.71 631.00
2.71 631.00
2.71 631.00
2.71 631.00
2.72 632.35
2.72 632.35
2.72 632.35
2.72 632.35
2.72 632.35
2.72 632.35
2.72 632.35
2.72 632.35
2.72 632.35
2.72 632.35
2.72 632.35
2.73 633.70
2.73 633.70
2.73 633.70
2.73 633.70
2.73 633.70
2.73 633.70
2.73 633.70
2.73 633.70
2.73 633.70
2.73 633.70
2.73 633.70
2.74 635.04
2.74 635.04
2.74 635.04
2.74 635.04
2.74 635.04
2.74 635.04
2.74 635.04
2.74 635.04
2.74 635.04
2.74 635.04
2.74 635.04
2.75 636.36
2.75 636.36
2.75 636.36
2.75 636.36
2.75 636.36
2.75 636.36
2.75 636.36
2.75 636.36
2.75 636.36
2.75 636.36
2.75 636.36
2.76 637.68
2.76 637.68
2.76 637.68
2.76 637.68
2.76 637.68
2.76 637.68
2.76 637.68
2.76 637.68
2.76 637.68
2.76 637.68
2.76 637.68
2.77 638.99
2.77 638.99
2.77 638.99
2.77 638.99
2.77 638.99
2.77 638.99
2.77 638.99
2.77 638.99
2.77 638.99
2.77 638.99
2.77 638.99
2.78 640.29
2.78 640.29
2.78 640.29
2.78 640.29
2.78 640.29
2.78 640.29
2.78 640.29
2.78 640.29
2.78 640.29
2.78 640.29
2.78 640.29
2.79 641.58
2.79 641.58
2.79 641.58
2.79 641.58
2.79 641.58
2.79 641.58
2.79 641.58
2.79 641.58
2.79 641.58
2.79 641.58
2.79 641.58
2.80 642.86
2.80 642.86
2.80 642.86
2.80 642.86
2.80 642.86
2.80 642.86
2.80 642.86
2.80 642.86
2.80 642.86
2.80 642.86
2.80 642.86
2.81 644.13
2.81 644.13
2.81 644.13
2.81 644.13
2.81 644.13
2.81 644.13
2.81 644.13
2.81 644.13
2.81 644.13
2.81 644.13
2.81 644.13
2.82 645.39
2.82 645.39
2.82 645.39
2.82 645.39
2.82 645.39
2.82 645.39
2.82 645.39
2.82 645.39
2.82 645.39
2.82 645.39
2.82 645.39
2.83 646.64
2.83 646.64
2.83 646.64
2.83 646.64
2.83 646.64
2.83 646.64
2.83 646.64
2.83 646.64
2.83 646.64
2.83 646.64
2.83 646.64
2.84 647.89
2.84 647.89
2.84 647.89
2.84 647.89
2.84 647.89
2.84 647.89
2.84 647.89
2.84 647.89
2.84 647.89
2.84 647.89
2.84 647.89
2.85 649.12
2.85 649.12
2.85 649.12
2.85 649.12
2.85 649.12
2.85 649.12
2.85 649.12
2.85 649.12
2.85 649.12
2.85 649.12
2.85 649.12
2.86 650.35
2.86 650.35
2.86 650.35
2.86 650.35
2.86 650.35
2.86 650.35
2.86 650.35
2.86 650.35
2.86 650.35
2.86 650.35
2.86 650.35
2.87 651.57
2.87 651.57
2.87 651.57
2.87 651.57
2.87 651.57
2.87 651.57
2.87 651.57
2.87 651.57
2.87 651.57
2.87 651.57
2.87 651.57
2.88 652.78
2.88 652.78
2.88 652.78
2.88 652.78
2.88 652.78
2.88 652.78
2.88 652.78
2.88 652.78
2.88 652.78
2.88 652.78
2.88 652.78
2.89 653.98
2.89 653.98
2.89 653.98
2.89 653.98
2.89 653.98
2.89 653.98
2.89 653.98
2.89 653.98
2.89 653.98
2.89 653.98
2.89 653.98
2.90 655.17
2.90 655.17
2.90 655.17
2.90 655.17
2.90 655.17
2.90 655.17
2.90 655.17
2.90 655.17
2.90 655.17
2.90 655.17
2.90 655.17
2.91 656.36
2.91 656.36
2.91 656.36
2.91 656.36
2.91 656.36
2.91 656.36
2.91 656.36
2.91 656.36
2.91 656.36
2.91 656.36
2.91 656.36
2.92 657.53
2.92 657.53
2.92 657.53
2.92 657.53
2.92 657.53
2.92 657.53
2.92 657.53
2.92 657.53
2.92 657.53
2.92 657.53
2.92 657.53
2.93 658.70
2.93 658.70
2.93 658.70
2.93 658.70
2.93 658.70
2.93 658.70
2.93 658.70
2.93 658.70
2.93 658.70
2.93 658.70
2.93 658.70
2.94 659.86
2.94 659.86
2.94 659.86
2.94 659.86
2.94 659.86
2.94 659.86
2.94 659.86
2.94 659.86
2.94 659.86
2.94 659.86
2.94 659.86
2.95 661.02
2.95 661.02
2.95 661.02
2.95 661.02
2.95 661.02
2.95 661.02
2.95 661.02
2.95 661.02
2.95 661.02
2.95 661.02
2.95 661.02
2.96 662.16
2.96 662.16
2.96 662.16
2.96 662.16
2.96 662.16
2.96 662.16
2.96 662.16
2.96 662.16
2.96 662.16
2.96 662.16
2.96 662.16
2.97 663.30
2.97 663.30
2.97 663.30
2.97 663.30
2.97 663.30
2.97 663.30
2.97 663.30
2.97 663.30
2.97 663.30
2.97 663.30
2.97 663.30
2.98 664.43
2.98 664.43
2.98 664.43
2.98 664.43
2.98 664.43
2.98 664.43
2.98 664.43
2.98 664.43
2.98 664.43
2.98 664.43
2.98 664.43
2.99 665.55
2.99 665.55
2.99 665.55
2.99 665.55
2.99 665.55
2.99 665.55
2.99 665.55
2.99 665.55
2.99 665.55
2.99 665.55
2.99 665.55
3.00 665.66
3.00 667.67
3.00 665.66
3.00 667.67
3.00 665.66
3.00 667.67
3.00 665.66
3.00 667.67
3.00 665.66
3.00 667.67
3.00 665.66
3.01 632.85
3.01 699.38
3.01 632.85
3.01 699.38
3.01 632.85
3.01 699.38
3.01 632.85
3.01 699.38
3.01 632.85
3.01 699.38
3.01 632.85
3.02 618.62
3.02 712.51
3.02 618.62
3.02 712.51
3.02 618.62
3.02 712.51
3.02 618.62
3.02 712.51
3.02 618.62
3.02 712.51
3.02 618.62
3.03 607.64
3.03 722.39
3.03 607.64
3.03 722.39
3.03 607.64
3.03 722.39
3.03 607.64
3.03 722.39
3.03 607.64
3.03 722.39
3.03 607.64
3.04 598.36
3.04 730.59
3.04 598.36
3.04 730.59
3.04 598.36
3.04 730.59
3.04 598.36
3.04 730.59
3.04 598.36
3.04 730.59
3.04 598.36
3.05 590.16
3.05 737.70
3.05 590.16
3.05 737.70
3.05 590.16
3.05 737.70
3.05 590.16
3.05 737.70
3.05 590.16
3.05 737.70
3.05 590.16
3.06 582.75
3.06 744.05
3.06 582.75
3.06 744.05
3.06 582.75
3.06 744.05
3.06 582.75
3.06 744.05
3.06 582.75
3.06 744.05
3.06 582.75
3.07 575.93
3.07 749.80
3.07 575.93
3.07 749.80
3.07 575.93
3.07 749.80
3.07 575.93
3.07 749.80
3.07 575.93
3.07 749.80
3.07 575.93
3.08 569.59
3.08 755.08
3.08 569.59
3.08 755.08
3.08 569.59
3.08 755.08
3.08 569.59
3.08 755.08
3.08 569.59
3.08 755.08
3.08 569.59
3.09 563.64
3.09 759.99
3.09 563.64
3.09 759.99
3.09 563.64
3.09 759.99
3.09 563.64
3.09 759.99
3.09 563.64
3.09 759.99
3.09 563.64
3.10 558.01
3.10 764.57
3.10 558.01
3.10 764.57
3.10 558.01
3.10 764.57
3.10 558.01
3.10 764.57
3.10 558.01
3.10 764.57
3.10 558.01
3.11 552.67
3.11 768.87
3.11 552.67
3.11 768.87
3.11 552.67
3.11 768.87
3.11 552.67
3.11 768.87
3.11 552.67
3.11 768.87
3.11 552.67
3.12 547.57
3.12 772.94
3.12 547.57
3.12 772.94
3.12 547.57
3.12 772.94
3.12 547.57
3.12 772.94
3.12 547.57
3.12 772.94
3.12 547.57
3.13 542.69
3.13 776.79
3.13 542.69
3.13 776.79
3.13 542.69
3.13 776.79
3.13 542.69
3.13 776.79
3.13 542.69
3.13 776.79
3.13 542.69
3.14 538.01
3.14 780.46
3.14 538.01
3.14 780.46
3.14 538.01
3.14 780.46
3.14 538.01
3.14 780.46
3.14 538.01
3.14 780.46
3.14 538.01
3.15 533.49
3.15 783.97
3.15 533.49
3.15 783.97
3.15 533.49
3.15 783.97
3.15 533.49
3.15 783.97
3.15 533.49
3.15 783.97
3.15 533.49
3.16 529.14
3.16 787.32
3.16 529.14
3.16 787.32
3.16 529.14
3.16 787.32
3.16 529.14
3.16 787.32
3.16 529.14
3.16 787.32
3.16 529.14
3.17 524.93
3.17 790.53
3.17 524.93
3.17 790.53
3.17 524.93
3.17 790.53
3.17 524.93
3.17 790.53
3.17 524.93
3.17 790.53
3.17 524.93
3.18 520.85
3.18 793.62
3.18 520.85
3.18 793.62
3.18 520.85
3.18 793.62
3.18 520.85
3.18 793.62
3.18 520.85
3.18 793.62
3.18 520.85
3.19 516.89
3.19 796.59
3.19 516.89
3.19 796.59
3.19 516.89
3.19 796.59
3.19 516.89
3.19 796.59
3.19 516.89
3.19 796.59
3.19 516.89
3.20 513.04
3.20 799.46
3.20 513.04
3.20 799.46
3.20 513.04
3.20 799.46
3.20 513.04
3.20 799.46
3.20 513.04
3.20 799.46
3.20 513.04
3.21 509.30
3.21 802.22
3.21 509.30
3.21 802.22
3.21 509.30
3.21 802.22
3.21 509.30
3.21 802.22
3.21 509.30
3.21 802.22
3.21 509.30
3.22 505.66
3.22 804.90
3.22 505.66
3.22 804.90
3.22 505.66
3.22 804.90
3.22 505.66
3.22 804.90
3.22 505.66
3.22 804.90
3.22 505.66
3.23 502.11
3.23 807.49
3.23 502.11
3.23 807.49
3.23 502.11
3.23 807.49
3.23 502.11
3.23 807.49
3.23 502.11
3.23 807.49
3.23 502.11
3.24 498.65
3.24 809.99
3.24 498.65
3.24 809.99
3.24 498.65
3.24 809.99
3.24 498.65
3.24 809.99
3.24 498.65
3.24 809.99
3.24 498.65
3.25 495.27
3.25 812.43
3.25 495.27
3.25 812.43
3.25 495.27
3.25 812.43
3.25 495.27
3.25 812.43
3.25 495.27
3.25 812.43
3.25 495.27
3.26 491.96
3.26 814.79
3.26 491.96
3.26 814.79
3.26 491.96
3.26 814.79
3.26 491.96
3.26 814.79
3.26 491.96
3.26 814.79
3.26 491.96
3.27 488.73
3.27 817.08
3.27 488.73
3.27 817.08
3.27 488.73
3.27 817.08
3.27 488.73
3.27 817.08
3.27 488.73
3.27 817.08
3.27 488.73
3.28 485.56
3.28 819.32
3.28 485.56
3.28 819.32
3.28 485.56
3.28 819.32
3.28 485.56
3.28 819.32
3.28 485.56
3.28 819.32
3.28 485.56
3.29 482.46
3.29 821.49
3.29 482.46
3.29 821.49
3.29 482.46
3.29 821.49
3.29 482.46
3.29 821.49
3.29 482.46
3.29 821.49
3.29 482.46
3.30 479.43
3.30 823.60
3.30 479.43
3.30 823.60
3.30 479.43
3.30 823.60
3.30 479.43
3.30 823.60
3.30 479.43
3.30 823.60
3.30 479.43
3.31 476.45
3.31 825.66
3.31 476.45
3.31 825.66
3.31 476.45
3.31 825.66
3.31 476.45
3.31 825.66
3.31 476.45
3.31 825.66
3.31 476.45
3.32 473.53
3.32 827.67
3.32 473.53
3.32 827.67
3.32 473.53
3.32 827.67
3.32 473.53
3.32 827.67
3.32 473.53
3.32 827.67
3.32 473.53
3.33 470.67
3.33 829.63
3.33 470.67
3.33 829.63
3.33 470.67
3.33 829.63
3.33 470.67
3.33 829.63
3.33 470.67
3.33 829.63
3.33 470.67
3.34 467.85
3.34 831.55
3.34 467.85
3.34 831.55
3.34 467.85
3.34 831.55
3.34 467.85
3.34 831.55
3.34 467.85
3.34 831.55
3.34 467.85
3.35 465.09
3.35 833.42
3.35 465.09
3.35 833.42
3.35 465.09
3.35 833.42
3.35 465.09
3.35 833.42
3.35 465.09
3.35 833.42
3.35 465.09
3.36 462.38
3.36 835.24
3.36 462.38
3.36 835.24
3.36 462.38
3.36 835.24
3.36 462.38
3.36 835.24
3.36 462.38
3.36 835.24
3.36 462.38
3.37 459.71
3.37 837.03
3.37 459.71
3.37 837.03
3.37 459.71
3.37 837.03
3.37 459.71
3.37 837.03
3.37 459.71
3.37 837.03
3.37 459.71
3.38 457.08
3.38 838.77
3.38 457.08
3.38 838.77
3.38 457.08
3.38 838.77
3.38 457.08
3.38 838.77
3.38 457.08
3.38 838.77
3.38 457.08
3.39 454.50
3.39 840.48
3.39 454.50
3.39 840.48
3.39 454.50
3.39 840.48
3.39 454.50
3.39 840.48
3.39 454.50
3.39 840.48
3.39 454.50
3.40 451.96
3.40 842.15
3.40 451.96
3.40 842.15
3.40 451.96
3.40 842.15
3.40 451.96
3.40 842.15
3.40 451.96
3.40 842.15
3.40 451.96
3.41 449.46
3.41 843.79
3.41 449.46
3.41 843.79
3.41 449.46
3.41 843.79
3.41 449.46
3.41 843.79
3.41 449.46
3.41 843.79
3.41 449.46
3.42 447.00
3.42 845.39
3.42 447.00
3.42 845.39
3.42 447.00
3.42 845.39
3.42 447.00
3.42 845.39
3.42 447.00
3.42 845.39
3.42 447.00
3.43 444.58
3.43 846.97
3.43 444.58
3.43 846.97
3.43 444.58
3.43 846.97
3.43 444.58
3.43 846.97
3.43 444.58
3.43 846.97
3.43 444.58
3.44 442.19
3.44 848.50
3.44 442.19
3.44 848.50
3.44 442.19
3.44 848.50
3.44 442.19
3.44 848.50
3.44 442.19
3.44 848.50
3.44 442.19
3.45 445.97
3.45 852.43
3.45 433.99
3.45 847.47
3.45 445.97
3.45 852.43
3.45 433.99
3.45 847.47
3.45 445.97
3.45 852.43
3.45 433.99
3.46 413.23
3.46 838.95
3.46 467.49
3.46 861.34
3.46 413.23
3.46 838.95
3.46 467.49
3.46 861.34
3.46 413.23
3.46 838.95
3.46 467.49
3.47 478.56
3.47 865.91
3.47 402.91
3.47 834.79
3.47 478.56
3.47 865.91
3.47 402.91
3.47 834.79
3.47 478.56
3.47 865.91
3.47 402.91
3.48 395.06
3.48 831.68
3.48 487.16
3.48 869.43
3.48 395.06
3.48 831.68
3.48 487.16
3.48 869.43
3.48 395.06
3.48 831.68
3.48 487.16
3.49 494.45
3.49 872.39
3.49 388.52
3.49 829.13
3.49 494.45
3.49 872.39
3.49 388.52
3.49 829.13
3.49 494.45
3.49 872.39
3.49 388.52
3.50 382.82
3.50 826.94
3.50 500.88
3.50 875.00
3.50 382.82
3.50 826.94
3.50 500.88
3.50 875.00
3.50 382.82
3.50 826.94
3.50 500.88
3.51 506.71
3.51 877.34
3.51 377.72
3.51 825.02
3.51 506.71
3.51 877.34
3.51 377.72
3.51 825.02
3.51 506.71
3.51 877.34
3.51 377.72
3.52 373.08
3.52 823.30
3.52 512.08
3.52 879.49
3.52 373.08
3.52 823.30
3.52 512.08
3.52 879.49
3.52 373.08
3.52 823.30
3.52 512.08
3.53 517.07
3.53 881.47
3.53 368.81
3.53 821.75
3.53 517.07
3.53 881.47
3.53 368.81
3.53 821.75
3.53 517.07
3.53 881.47
3.53 368.81
3.54 364.84
3.54 820.33
3.54 521.75
3.54 883.32
3.54 364.84
3.54 820.33
3.54 521.75
3.54 883.32
3.54 364.84
3.54 820.33
3.54 521.75
3.55 506.03
3.55 887.37
3.55 354.80
3.55 812.66
3.55 540.47
3.55 881.68
3.55 370.33
3.55 827.81
3.55 506.03
3.55 887.37
3.55 354.80
3.56 348.82
3.56 808.64
3.56 550.88
3.56 880.78
3.56 373.81
3.56 833.31
3.56 494.49
3.56 889.89
3.56 348.82
3.56 808.64
3.56 550.88
3.57 548.05
3.57 884.26
3.57 365.38
3.57 827.80
3.57 508.90
3.57 892.22
3.57 343.31
3.57 804.85
3.57 560.72
3.57 879.34
3.57 378.79
3.58 383.74
3.58 846.61
3.58 464.90
3.58 890.59
3.58 348.84
3.58 813.19
3.58 543.84
3.58 888.12
3.58 355.72
3.58 820.47
3.58 527.32
3.59 586.83
3.59 870.43
3.59 404.87
3.59 865.01
3.59 419.18
3.59 874.05
3.59 395.20
3.59 858.07
3.59 437.20
3.59 883.34
3.59 369.94
3.60 330.53
3.60 796.61
3.60 583.27
3.60 875.04
3.60 393.66
3.60 859.29
3.60 435.29
3.60 884.92
3.60 366.60
3.60 835.94
3.60 493.73
3.61 318.52
3.61 783.61
3.61 612.14
3.61 857.11
3.61 442.14
3.61 890.41
3.61 352.25
3.61 823.70
3.61 524.24
3.61 900.38
3.61 323.81
3.62 311.33
3.62 776.14
3.62 628.95
3.62 844.80
3.62 474.62
3.62 902.67
3.62 318.05
3.62 785.15
3.62 610.65
3.62 860.68
3.62 434.08
3.63 505.95
3.63 907.37
3.63 305.10
3.63 769.60
3.63 643.65
3.63 832.60
3.63 505.95
3.63 907.37
3.63 305.10
3.63 769.60
3.63 643.65
3.64 465.31
3.64 905.62
3.64 311.12
3.64 780.15
3.64 624.33
3.64 853.74
3.64 454.53
3.64 902.47
3.64 320.38
3.64 792.56
3.64 598.46
3.65 499.82
3.65 912.50
3.65 291.43
3.65 753.72
3.65 677.54
3.65 797.46
3.65 589.55
3.65 883.23
3.65 376.44
3.65 856.77
3.65 447.90
3.66 597.44
3.66 880.25
3.66 385.81
3.66 867.28
3.66 421.30
3.66 892.33
3.66 351.65
3.66 834.45
3.66 505.61
3.66 914.88
3.66 285.01
3.67 279.62
3.67 739.25
3.67 707.42
3.67 759.61
3.67 670.16
3.67 811.24
3.67 561.98
3.67 903.40
3.67 320.28
3.67 798.96
3.67 589.49
3.68 612.86
3.68 873.13
3.68 407.65
3.68 888.62
3.68 364.24
3.68 852.17
3.68 463.59
3.68 915.12
3.68 285.84
3.68 751.22
3.68 687.75
3.69 793.27
3.69 605.13
3.69 881.71
3.69 384.85
3.69 873.57
3.69 407.55
3.69 890.96
3.69 358.48
3.69 848.60
3.69 474.09
3.69 920.02
3.70 763.49
3.70 668.13
3.70 820.41
3.70 545.14
3.70 917.46
3.70 280.19
3.70 746.23
3.70 700.67
3.70 776.01
3.70 643.13
3.70 849.20
3.71 816.45
3.71 555.97
3.71 915.88
3.71 285.84
3.71 757.35
3.71 681.79
3.71 804.89
3.71 582.63
3.71 902.17
3.71 327.45
3.71 817.03
3.72 909.14
3.72 307.28
3.72 791.83
3.72 613.18
3.72 882.35
3.72 386.18
3.72 881.81
3.72 387.71
3.72 883.09
3.72 384.05
3.72 879.98
3.73 736.38
3.73 724.08
3.73 745.21
3.73 708.22
3.73 770.79
3.73 658.99
3.73 838.21
3.73 505.83
3.73 932.37
3.73 235.19
3.73 670.94
3.74 496.18
3.74 934.95
3.74 227.48
3.74 657.23
3.74 842.54
3.74 496.18
3.74 934.95
3.74 227.48
3.74 657.23
3.74 842.54
3.74 496.18
3.75 450.73
3.75 928.40
3.75 249.28
3.75 701.78
3.75 784.82
3.75 633.28
3.75 870.88
3.75 421.67
3.75 914.49
3.75 293.24
3.75 777.19
3.76 426.87
3.76 919.89
3.76 277.07
3.76 753.14
3.76 699.05
3.76 791.02
3.76 621.56
3.76 884.44
3.76 384.28
3.76 889.65
3.76 369.12
3.77 668.61
3.77 835.32
3.77 518.60
3.77 941.20
3.77 208.65
3.77 622.49
3.77 885.93
3.77 380.98
3.77 889.09
3.77 371.75
3.77 880.49
3.78 824.55
3.78 546.83
3.78 936.71
3.78 224.10
3.78 657.26
3.78 851.51
3.78 477.93
3.78 943.16
3.78 202.64
3.78 610.77
3.78 898.62
3.79 461.79
3.79 941.97
3.79 207.18
3.79 622.54
3.79 890.59
3.79 369.30
3.79 882.76
3.79 392.24
3.79 903.49
3.79 330.47
3.79 838.58
3.80 589.44
3.80 919.60
3.80 280.96
3.80 767.68
3.80 677.72
3.80 829.98
3.80 536.24
3.80 945.01
3.80 197.47
3.80 602.22
3.80 910.30
3.81 679.37
3.81 829.92
3.81 537.78
3.81 947.06
3.81 191.02
3.81 588.76
3.81 922.48
3.81 272.44
3.81 755.21
3.81 704.35
3.81 793.40
3.82 241.38
3.82 699.51
3.82 802.95
3.82 604.42
3.82 913.35
3.82 302.32
3.82 805.72
3.82 597.96
3.82 918.34
3.82 286.46
3.82 780.81
3.83 957.42
3.83 156.15
3.83 504.67
3.83 957.42
3.83 156.15
3.83 504.67
3.83 957.42
3.83 156.15
3.83 504.67
3.83 957.42
3.83 156.15
3.84 488.00
3.84 959.45
3.84 149.41
3.84 488.00
3.84 959.45
3.84 149.41
3.84 488.00
3.84 959.45
3.84 149.41
3.84 488.00
3.84 959.45
3.85 143.15
3.85 472.25
3.85 959.53
3.85 149.49
3.85 489.49
3.85 962.07
3.85 140.47
3.85 464.85
3.85 957.74
3.85 155.81
3.85 506.41
3.86 883.54
3.86 397.18
3.86 924.19
3.86 270.43
3.86 761.57
3.86 700.91
3.86 809.19
3.86 596.00
3.86 929.43
3.86 253.18
3.86 729.86
3.87 298.70
3.87 810.68
3.87 593.95
3.87 933.34
3.87 240.78
3.87 707.46
3.87 800.93
3.87 617.04
3.87 914.49
3.87 302.64
3.87 816.75
3.88 961.53
3.88 143.51
3.88 476.90
3.88 967.93
3.88 120.44
3.88 411.03
3.88 939.29
3.88 221.27
3.88 668.55
3.88 859.77
3.88 467.80
3.89 444.64
3.89 960.58
3.89 147.31
3.89 488.62
3.89 972.00
3.89 105.88
3.89 368.27
3.89 905.00
3.89 334.44
3.89 865.87
3.89 451.77
3.90 825.54
3.90 561.69
3.90 960.16
3.90 149.20
3.90 495.06
3.90 974.90
3.90 95.42
3.90 336.62
3.90 870.89
3.90 438.52
3.90 960.26
3.91 969.24
3.91 116.56
3.91 402.64
3.91 940.44
3.91 219.02
3.91 668.80
3.91 866.10
3.91 453.46
3.91 969.03
3.91 117.34
3.91 404.96
3.92 293.19
3.92 812.35
3.92 597.56
3.92 942.69
3.92 211.79
3.92 654.38
3.92 886.58
3.92 394.19
3.92 936.11
3.92 234.44
3.92 703.55
3.93 764.96
3.93 706.60
3.93 814.75
3.93 593.15
3.93 948.40
3.93 192.33
3.93 610.49
3.93 934.52
3.93 240.48
3.93 717.82
3.93 796.04
3.94 694.17
3.94 836.46
3.94 538.98
3.94 979.01
3.94 80.95
3.94 293.13
3.94 816.39
3.94 590.59
3.94 952.67
3.94 177.67
3.94 575.64
3.95 713.45
3.95 807.54
3.95 613.90
3.95 936.25
3.95 235.74
3.95 711.67
3.95 810.53
3.95 606.61
3.95 942.61
3.95 213.69
3.95 663.71
3.96 723.65
3.96 791.92
3.96 652.53
3.96 897.87
3.96 363.14
3.96 915.82
3.96 305.28
3.96 839.85
3.96 532.62
3.96 985.79
3.96 55.49
3.97 925.92
3.97 272.30
3.97 786.68
3.97 666.24
3.97 882.79
3.97 410.77
3.97 960.89
3.97 149.18
3.97 503.89
3.97 992.44
3.97 29.79
3.98 347.36
3.98 902.27
3.98 350.95
3.98 906.58
3.98 337.08
3.98 889.35
3.98 391.65
3.98 948.28
3.98 195.22
3.98 625.29
3.98 932.53
3.99 303.20
3.99 842.97
3.99 528.17
3.99 994.33
3.99 22.48
3.99 87.67
3.99 319.13
3.99 866.96
3.99 460.20
3.99 991.18
3.99 34.89
4.00 455.10
4.00 991.94
4.00 32.00
4.00 123.90
4.00 434.19
4.00 982.67
4.00 68.10
4.00 253.86
4.00 757.66
4.00 734.44
4.00 780.15
